Codon	alpha	LRT	p
10	991	3.327	0.0899
33	0	6.384	0.0185
50	1.458	3.591	0.0783
34	720	5.095	0.0359
57	2.653	3.483	0.0829
53	848	3.670	0.0752
56	1.512	6.815	0.0149
146	5.856	3.833	0.0690
174	22.069	3.552	0.0799
151	5.027	6.901	0.0142
233	3.833	3.327	0.0899
223	0	4.312	0.0538
224	406	20.560	0.0000
229	1.501	11.060	0.0017
254	6.980	4.609	0.0461
275	4.512	4.792	0.0420
313	2.762	8.966	0.0050
320	5.676	5.025	0.0372
323	5.615	5.972	0.0229
333	2.212	6.621	0.0164
312	558	12.434	0.0009
324	8.286	3.537	0.0806
327	5.182	8.808	0.0054
331	7.929	3.610	0.0775
345	6.093	5.315	0.0321
339	10.043	3.479	0.0831
336	8.461	5.786	0.0252
362	5.053	3.570	0.0792
375	3.679	3.744	0.0723
396	2.578	4.007	0.0630
409	4.776	4.508	0.0486
363	10.397	13.306	0.0006
423	4.372	7.001	0.0135
371	5.061	16.649	0.0001
444	2.204	4.169	0.0579
422	3.835	18.394	0.0000
445	8.009	3.964	0.0645
458	3.759	4.084	0.0606
465	3.332	4.051	0.0616
574	9.071	3.737	0.0726
616	4.386	5.730	0.0259
610	2.823	6.440	0.0180
827	0	6.297	0.0194
875	9.078	4.600	0.0464
970	8.786	4.009	0.0630
940	3.982	6.405	0.0183
971	8.741	4.390	0.0517
986	6.766	6.359	0.0188
1030	1.442	3.307	0.0909
985	6.126	8.907	0.0051
993	5.187	8.011	0.0081
982	5.517	13.428	0.0005
995	8.467	12.317	0.0009
977	14.269	6.532	0.0172
992	17.193	7.061	0.0131
1080	9.911	4.906	0.0396
1072	4.462	4.887	0.0400
1094	6.035	3.795	0.0704
1089	8.923	3.218	0.0952
1120	0	14.130	0.0004
1103	3.531	12.442	0.0009
1142	3.684	3.650	0.0759
1168	7.022	3.857	0.0681
1177	7.220	4.344	0.0529
1188	1.270	16.572	0.0001
1235	4.319	8.888	0.0052
1240	8.829	4.476	0.0494
1220	9.108	8.959	0.0050
1181	12.313	15.320	0.0002
1245	5.249	8.429	0.0065
1256	2.777	7.620	0.0099
1224	7.626	5.095	0.0359
1267	4.140	4.375	0.0521
1242	4.533	7.369	0.0112
1266	5.279	8.413	0.0066
1246	10.807	12.777	0.0007
1268	3.980	3.417	0.0858
1269	3.478	4.688	0.0443
1265	6.592	3.207	0.0958
1244	5.007	9.327	0.0041
1243	8.753	8.293	0.0070
1321	443	3.836	0.0689
1346	2.315	6.257	0.0198
1330	10.029	3.272	0.0926
1367	4.901	4.508	0.0486
1419	5.596	11.309	0.0015
1443	0	13.118	0.0006
1458	5.484	3.558	0.0797
1480	2.879	7.801	0.0090
1520	1.976	4.751	0.0429
1503	5.663	3.619	0.0772
1522	6.819	4.046	0.0618
1527	4.867	5.070	0.0364
1542	5.422	3.651	0.0759
1613	998	5.210	0.0338
1618	2.167	6.714	0.0156
1636	622	4.227	0.0562
1625	743	9.687	0.0034
1637	663	8.600	0.0060
1630	3.958	5.641	0.0271
1645	206	12.146	0.0010
1627	1.055	3.818	0.0695
1696	1.182	5.543	0.0285
1688	225	6.990	0.0136
1726	549	3.301	0.0912
1707	1.652	4.113	0.0597
1721	987	6.758	0.0153
1741	272	9.035	0.0048
1724	699	4.836	0.0410
1722	633	12.058	0.0010
1730	152	9.126	0.0046
1749	512	4.016	0.0627
1723	374	3.765	0.0715
1781	1.451	3.283	0.0920
1786	2.466	5.263	0.0329
1805	1.381	5.907	0.0236
1777	2.685	3.288	0.0918
1828	3.577	13.139	0.0006
1856	7.675	3.674	0.0750
1833	7.862	12.532	0.0008
1919	9.535	7.847	0.0088
1969	2.356	4.474	0.0495
2005	5.079	3.229	0.0947
2010	6.797	4.164	0.0581
2056	517	3.748	0.0721
2006	6.101	5.567	0.0282
2112	7.593	7.700	0.0095
2110	8.799	6.530	0.0172
2131	6.145	8.956	0.0050
2381	5.378	4.500	0.0488
2425	3.452	5.711	0.0261
2420	2.704	3.297	0.0913
2523	2.244	3.166	0.0979
2465	9.762	7.242	0.0119
2521	5.024	3.593	0.0782
2557	9.554	5.307	0.0322
2551	7.455	3.501	0.0821
2583	10.668	3.247	0.0938
2648	13.294	11.354	0.0015
2638	9.255	5.152	0.0349
2830	0	3.772	0.0713
2908	9.554	9.137	0.0046
2945	2.437	5.831	0.0246
3019	1.878	7.065	0.0131
3046	0	6.393	0.0184
3057	359	4.092	0.0603
3047	349	6.316	0.0192
3038	150	18.994	0.0000
3055	1.095	7.877	0.0086
3182	5.894	3.897	0.0667
3147	7.409	20.405	0.0000
3148	7.362	12.899	0.0007
3295	2.710	3.338	0.0894
3343	10.835	3.198	0.0962
3378	2.044	6.044	0.0220
3399	2.099	7.355	0.0113
3414	1.772	3.795	0.0704
3422	4.846	5.891	0.0238
3467	2.310	4.392	0.0516
3454	4.210	7.942	0.0084
3457	1.732	4.065	0.0612
3486	3.320	4.036	0.0621
3516	3.859	3.423	0.0855
3523	2.353	10.382	0.0024
3530	4.951	3.355	0.0886
3774	8.976	3.916	0.0661
3784	9.563	4.383	0.0519
3889	1.975	6.796	0.0150
3915	1.110	4.820	0.0414
4028	6.534	5.571	0.0281
4030	8.895	5.536	0.0286
4096	5.240	3.610	0.0775
4088	4.086	8.240	0.0072
4087	5.919	4.371	0.0522
4202	967	5.025	0.0372
4225	2.545	10.689	0.0021
4261	2.179	3.150	0.0987
4221	8.914	3.396	0.0867
4307	5.241	3.893	0.0669
4326	2.462	4.834	0.0411
4370	8.879	4.162	0.0582
4569	1.638	3.343	0.0892
4594	0	6.583	0.0167
4605	0	5.281	0.0326
4610	0	5.626	0.0273
4590	5.410	3.823	0.0694
4614	0	5.380	0.0310
4615	0	4.125	0.0593
4623	0	6.804	0.0149
4625	0	10.736	0.0020
4630	725	4.092	0.0603
4629	0	11.278	0.0015
4617	0	11.652	0.0013
4622	0	5.543	0.0285
4636	401	5.900	0.0237
4624	212	7.711	0.0094
4638	0	8.442	0.0065
4642	629	6.632	0.0163
4648	875	6.419	0.0182
4639	508	4.050	0.0616
4633	464	3.445	0.0845
4635	909	10.842	0.0019
4613	0	8.820	0.0053
4644	382	6.823	0.0148
4652	833	6.725	0.0156
4645	2.091	4.610	0.0461
4653	600	14.649	0.0003
4676	801	3.389	0.0871
4692	4.904	3.522	0.0812
4673	772	3.825	0.0693
4728	0	6.982	0.0136
4702	8.190	4.497	0.0489
4701	1.025	19.975	0.0000
4771	0	4.249	0.0556
4726	4.993	7.561	0.0102
4767	5.199	3.320	0.0902
4896	152	7.761	0.0092
4915	499	5.872	0.0241
4981	0	22.575	0.0000
4988	0	12.384	0.0009
4982	416	11.068	0.0017
4979	809	3.831	0.0691
4991	0	13.704	0.0005
4916	1.196	3.468	0.0835
4996	913	5.438	0.0301
4995	531	5.908	0.0236
4999	67	6.994	0.0136
4990	988	6.193	0.0204
5001	446	5.796	0.0250
4998	0	31.207	0.0000
4978	228	13.879	0.0004
4989	770	3.848	0.0685
4992	683	4.624	0.0458
4994	910	9.817	0.0032
4997	905	8.354	0.0068
4993	293	9.366	0.0041
5002	618	13.656	0.0005
5010	603	20.627	0.0000
5011	292	9.329	0.0041
5005	971	10.040	0.0029
5004	427	4.905	0.0396
5000	1.284	9.321	0.0041
5015	2.125	6.631	0.0163
5013	379	54.470	0.0000
5117	0	3.944	0.0651
5107	13.784	7.809	0.0089
5124	6.379	15.379	0.0002
5242	0	5.329	0.0318
5208	2.939	3.493	0.0824
5209	3.840	5.112	0.0356
5195	6.031	9.623	0.0036
5235	0	4.858	0.0406
5192	7.279	13.892	0.0004
5258	1.020	3.670	0.0751
5247	4.037	8.765	0.0055
5251	7.242	8.331	0.0069
5193	14.482	13.047	0.0006
5292	1.189	3.761	0.0717
5311	0	4.757	0.0427
5309	0	5.892	0.0238
5312	0	8.365	0.0067
5263	10.142	11.428	0.0014
5325	0	5.894	0.0238
5191	10.579	7.231	0.0120
5315	816	4.243	0.0558
5323	0	7.124	0.0127
5322	0	5.351	0.0315
5310	517	6.101	0.0214
5262	5.287	16.148	0.0001
5338	0	14.683	0.0003
5320	837	7.671	0.0096
5330	0	13.337	0.0005
5336	0	6.378	0.0186
5327	618	7.384	0.0111
5365	0	5.222	0.0336
5361	0	6.589	0.0167
5366	1.161	5.152	0.0349
5368	541	3.469	0.0835
5359	0	6.606	0.0165
5367	0	12.060	0.0010
5345	9.052	8.167	0.0075
5351	5.758	9.024	0.0048
5371	0	12.504	0.0008
5372	1.675	3.848	0.0685
5369	18	6.087	0.0216
5386	0	18.738	0.0000
5387	0	21.583	0.0000
5349	23.797	4.583	0.0468
5388	389	15.365	0.0002
5385	0	9.923	0.0031
5389	496	7.700	0.0095
5414	169	5.177	0.0344
5407	0	28.086	0.0000
5391	1.329	6.177	0.0206
5411	0	39.341	0.0000
5406	1.681	6.816	0.0149
5410	787	6.501	0.0174
5412	710	24.537	0.0000
5420	318	6.555	0.0170
5422	0	9.743	0.0034
5409	991	50.742	0.0000
5350	26.910	6.484	0.0176
5415	0	6.437	0.0180
5353	10.717	12.346	0.0009
5421	731	3.585	0.0785
5416	0	4.331	0.0533
5436	1.662	3.722	0.0731
5440	1.324	13.624	0.0005
5435	1.288	80.941	0.0000
5437	731	40.996	0.0000
5448	8.223	11.587	0.0013
5473	3.628	35.203	0.0000
5465	5.758	11.796	0.0012
5458	2.442	14.862	0.0003
5474	7.462	45.802	0.0000
5454	8.569	16.276	0.0001
5482	18.461	28.404	0.0000
5477	2.818	24.623	0.0000
5483	8.668	32.114	0.0000
5484	3.272	25.593	0.0000
5478	6.672	10.701	0.0021
5479	17.380	12.651	0.0008
5488	14.013	30.410	0.0000
5475	3.773	61.150	0.0000
5494	10.131	17.395	0.0001
5463	7.499	36.777	0.0000
5485	14.550	4.560	0.0473
5480	9.630	6.250	0.0198
5481	3.457	41.111	0.0000
5486	1.898	16.435	0.0001
5574	0	3.594	0.0782
5507	15.054	14.133	0.0004
5514	13.454	31.702	0.0000
5518	7.976	30.707	0.0000
5502	6.443	20.739	0.0000
5519	12.329	10.046	0.0029
5547	10.184	5.285	0.0325
5528	6.315	5.620	0.0274
5611	5.670	7.649	0.0097
5646	0	5.561	0.0282
5598	6.365	15.052	0.0002
5594	36.988	10.752	0.0020
5586	13.805	27.473	0.0000
5662	259	4.674	0.0446
5583	7.493	14.656	0.0003
5647	112	8.682	0.0057
5645	0	7.843	0.0088
5625	16.550	5.569	0.0281
5600	21.582	6.545	0.0171
5686	0	6.619	0.0164
5595	11.082	35.106	0.0000
5658	1.052	4.780	0.0422
5614	14.302	11.725	0.0012
5663	2.990	5.373	0.0311
5685	1.311	3.587	0.0785
5592	14.363	12.133	0.0010
5613	2.522	52.607	0.0000
5698	845	6.376	0.0186
5714	447	10.586	0.0022
5712	820	6.728	0.0155
5707	1.036	4.127	0.0592
5624	5.008	46.526	0.0000
5710	1.022	4.691	0.0442
5734	0	3.430	0.0852
5715	1.284	15.361	0.0002
5719	1.204	18.423	0.0000
5746	1.022	4.750	0.0429
5720	346	37.997	0.0000
5756	373	5.747	0.0257
5757	1.429	9.026	0.0048
5763	817	18.996	0.0000
5764	1.436	10.306	0.0025
5802	1.971	3.537	0.0805
5768	10.978	6.792	0.0150
5769	81.186	3.393	0.0869
5806	2.295	6.238	0.0200
5786	3.379	6.111	0.0213
5870	7.746	3.238	0.0942
5863	7.560	4.792	0.0420
5885	5.945	3.603	0.0778
5861	7.248	12.882	0.0007
5947	1.338	5.369	0.0312
5984	9.884	3.459	0.0839
5975	1.030	8.776	0.0055
5987	945	7.820	0.0089
6096	563	5.943	0.0232
6112	4.676	3.453	0.0842
6103	373	10.192	0.0027
6117	2.196	3.291	0.0916
6125	2.457	3.521	0.0812
6116	1.188	8.324	0.0069
6156	0	6.793	0.0150
6154	277	4.466	0.0497
6166	0	5.379	0.0310
6149	841	5.807	0.0249
6160	220	7.554	0.0102
6162	0	11.229	0.0016
6148	1.228	3.216	0.0953
6225	0	5.595	0.0278
6238	941	5.144	0.0350
6222	2.181	3.372	0.0878
6221	1.996	4.676	0.0446
6201	739	9.085	0.0047
6229	1.509	4.741	0.0431
6220	2.687	8.483	0.0063
6264	2.342	3.602	0.0779
6256	747	3.407	0.0862
6277	1.209	6.629	0.0163
6265	3.542	5.604	0.0276
6249	3.948	9.962	0.0030
6306	1.129	5.273	0.0328
6302	3.568	3.222	0.0950
6318	1.432	6.737	0.0155
6342	976	4.251	0.0555