Codon	alpha	LRT	p
10	10.991	3.327	0.0899
33	10.000	6.384	0.0185
50	11.458	3.591	0.0783
34	10.720	5.095	0.0359
53	10.848	3.670	0.0752
56	11.512	6.815	0.0149
57	12.653	3.483	0.0829
146	15.856	3.833	0.0690
174	122.069	3.552	0.0799
151	15.027	6.901	0.0142
233	13.833	3.327	0.0899
223	10.000	4.312	0.0538
224	10.406	20.560	0.0000
229	11.501	11.060	0.0017
254	16.980	4.609	0.0461
275	14.512	4.792	0.0420
313	12.762	8.966	0.0050
320	15.676	5.025	0.0372
323	15.615	5.972	0.0229
333	12.212	6.621	0.0164
312	10.558	12.434	0.0009
345	16.093	5.315	0.0321
324	18.286	3.537	0.0806
327	15.182	8.808	0.0054
331	17.929	3.610	0.0775
339	110.043	3.479	0.0831
336	18.461	5.786	0.0252
362	15.053	3.570	0.0792
375	13.679	3.744	0.0723
396	12.578	4.007	0.0630
409	14.776	4.508	0.0486
363	110.397	13.306	0.0006
423	14.372	7.001	0.0135
371	15.061	16.649	0.0001
444	12.204	4.169	0.0579
422	13.835	18.394	0.0000
445	18.009	3.964	0.0645
458	13.759	4.084	0.0606
465	13.332	4.051	0.0616
574	19.071	3.737	0.0726
616	14.386	5.730	0.0259
610	12.823	6.440	0.0180
827	10.000	6.297	0.0194
875	19.078	4.600	0.0464
970	18.786	4.009	0.0630
940	13.982	6.405	0.0183
986	16.766	6.359	0.0188
1030	11.442	3.307	0.0909
985	16.126	8.907	0.0051
993	15.187	8.011	0.0081
982	15.517	13.428	0.0005
971	18.741	4.390	0.0517
995	18.467	12.317	0.0009
977	114.269	6.532	0.0172
992	117.193	7.061	0.0131
1072	14.462	4.887	0.0400
1080	19.911	4.906	0.0396
1094	16.035	3.795	0.0704
1089	18.923	3.218	0.0952
1120	10.000	14.130	0.0004
1142	13.684	3.650	0.0759
1103	13.531	12.442	0.0009
1168	17.022	3.857	0.0681
1177	17.220	4.344	0.0529
1188	11.270	16.572	0.0001
1240	18.829	4.476	0.0494
1235	14.319	8.888	0.0052
1220	19.108	8.959	0.0050
1181	112.313	15.320	0.0002
1245	15.249	8.429	0.0065
1256	12.777	7.620	0.0099
1224	17.626	5.095	0.0359
1267	14.140	4.375	0.0521
1242	14.533	7.369	0.0112
1246	110.807	12.777	0.0007
1266	15.279	8.413	0.0066
1269	13.478	4.688	0.0443
1268	13.980	3.417	0.0858
1265	16.592	3.207	0.0958
1244	15.007	9.327	0.0041
1243	18.753	8.293	0.0070
1321	10.443	3.836	0.0689
1346	12.315	6.257	0.0198
1330	110.029	3.272	0.0926
1367	14.901	4.508	0.0486
1419	15.596	11.309	0.0015
1443	10.000	13.118	0.0006
1458	15.484	3.558	0.0797
1480	12.879	7.801	0.0090
1520	11.976	4.751	0.0429
1503	15.663	3.619	0.0772
1522	16.819	4.046	0.0618
1527	14.867	5.070	0.0364
1542	15.422	3.651	0.0759
1613	10.998	5.210	0.0338
1618	12.167	6.714	0.0156
1636	10.622	4.227	0.0562
1625	10.743	9.687	0.0034
1630	13.958	5.641	0.0271
1637	10.663	8.600	0.0060
1645	10.206	12.146	0.0010
1627	11.055	3.818	0.0695
1696	11.182	5.543	0.0285
1688	10.225	6.990	0.0136
1726	10.549	3.301	0.0912
1730	10.152	9.126	0.0046
1707	11.652	4.113	0.0597
1741	10.272	9.035	0.0048
1721	10.987	6.758	0.0153
1724	10.699	4.836	0.0410
1722	10.633	12.058	0.0010
1723	10.374	3.765	0.0715
1749	10.512	4.016	0.0627
1781	11.451	3.283	0.0920
1786	12.466	5.263	0.0329
1805	11.381	5.907	0.0236
1777	12.685	3.288	0.0918
1828	13.577	13.139	0.0006
1856	17.675	3.674	0.0750
1833	17.862	12.532	0.0008
1919	19.535	7.847	0.0088
1969	12.356	4.474	0.0495
2005	15.079	3.229	0.0947
2010	16.797	4.164	0.0581
2056	10.517	3.748	0.0721
2006	16.101	5.567	0.0282
2110	18.799	6.530	0.0172
2112	17.593	7.700	0.0095
2131	16.145	8.956	0.0050
2381	15.378	4.500	0.0488
2425	13.452	5.711	0.0261
2420	12.704	3.297	0.0913
2523	12.244	3.166	0.0979
2465	19.762	7.242	0.0119
2521	15.024	3.593	0.0782
2557	19.554	5.307	0.0322
2551	17.455	3.501	0.0821
2583	110.668	3.247	0.0938
2648	113.294	11.354	0.0015
2638	19.255	5.152	0.0349
2830	10.000	3.772	0.0713
2908	19.554	9.137	0.0046
2945	12.437	5.831	0.0246
3019	11.878	7.065	0.0131
3046	10.000	6.393	0.0184
3057	10.359	4.092	0.0603
3047	10.349	6.316	0.0192
3038	10.150	18.994	0.0000
3055	11.095	7.877	0.0086
3182	15.894	3.897	0.0667
3147	17.409	20.405	0.0000
3148	17.362	12.899	0.0007
3295	12.710	3.338	0.0894
3343	110.835	3.198	0.0962
3378	12.044	6.044	0.0220
3399	12.099	7.355	0.0113
3414	11.772	3.795	0.0704
3422	14.846	5.891	0.0238
3467	12.310	4.392	0.0516
3454	14.210	7.942	0.0084
3457	11.732	4.065	0.0612
3486	13.320	4.036	0.0621
3523	12.353	10.382	0.0024
3516	13.859	3.423	0.0855
3530	14.951	3.355	0.0886
3784	19.563	4.383	0.0519
3774	18.976	3.916	0.0661
3889	11.975	6.796	0.0150
3915	11.110	4.820	0.0414
4028	16.534	5.571	0.0281
4030	18.895	5.536	0.0286
4096	15.240	3.610	0.0775
4088	14.086	8.240	0.0072
4087	15.919	4.371	0.0522
4202	10.967	5.025	0.0372
4225	12.545	10.689	0.0021
4261	12.179	3.150	0.0987
4221	18.914	3.396	0.0867
4307	15.241	3.893	0.0669
4326	12.462	4.834	0.0411
4370	18.879	4.162	0.0582
4569	11.638	3.343	0.0892
4594	10.000	6.583	0.0167
4610	10.000	5.626	0.0273
4605	10.000	5.281	0.0326
4590	15.410	3.823	0.0694
4614	10.000	5.380	0.0310
4615	10.000	4.125	0.0593
4623	10.000	6.804	0.0149
4624	10.212	7.711	0.0094
4625	10.000	10.736	0.0020
4617	10.000	11.652	0.0013
4630	10.725	4.092	0.0603
4629	10.000	11.278	0.0015
4622	10.000	5.543	0.0285
4636	10.401	5.900	0.0237
4638	10.000	8.442	0.0065
4642	10.629	6.632	0.0163
4648	10.875	6.419	0.0182
4639	10.508	4.050	0.0616
4633	10.464	3.445	0.0845
4635	10.909	10.842	0.0019
4613	10.000	8.820	0.0053
4644	10.382	6.823	0.0148
4645	12.091	4.610	0.0461
4653	10.600	14.649	0.0003
4652	10.833	6.725	0.0156
4676	10.801	3.389	0.0871
4692	14.904	3.522	0.0812
4673	10.772	3.825	0.0693
4728	10.000	6.982	0.0136
4702	18.190	4.497	0.0489
4701	11.025	19.975	0.0000
4771	10.000	4.249	0.0556
4726	14.993	7.561	0.0102
4767	15.199	3.320	0.0902
4896	10.152	7.761	0.0092
4915	10.499	5.872	0.0241
4988	10.000	12.384	0.0009
4982	10.416	11.068	0.0017
4981	10.000	22.575	0.0000
4979	10.809	3.831	0.0691
4991	10.000	13.704	0.0005
4916	11.196	3.468	0.0835
4995	10.531	5.908	0.0236
4992	10.683	4.624	0.0458
4999	10.067	6.994	0.0136
4990	10.988	6.193	0.0204
5001	10.446	5.796	0.0250
4998	10.000	31.207	0.0000
4978	10.228	13.879	0.0004
4996	10.913	5.438	0.0301
4989	10.770	3.848	0.0685
4994	10.910	9.817	0.0032
4997	10.905	8.354	0.0068
4993	10.293	9.366	0.0041
5002	10.618	13.656	0.0005
5010	10.603	20.627	0.0000
5011	10.292	9.329	0.0041
5005	10.971	10.040	0.0029
5004	10.427	4.905	0.0396
5000	11.284	9.321	0.0041
5015	12.125	6.631	0.0163
5013	10.379	54.470	0.0000
5117	10.000	3.944	0.0651
5107	113.784	7.809	0.0089
5124	16.379	15.379	0.0002
5242	10.000	5.329	0.0318
5208	12.939	3.493	0.0824
5209	13.840	5.112	0.0356
5195	16.031	9.623	0.0036
5235	10.000	4.858	0.0406
5192	17.279	13.892	0.0004
5258	11.020	3.670	0.0751
5247	14.037	8.765	0.0055
5251	17.242	8.331	0.0069
5193	114.482	13.047	0.0006
5292	11.189	3.761	0.0717
5309	10.000	5.892	0.0238
5311	10.000	4.757	0.0427
5312	10.000	8.365	0.0067
5315	10.816	4.243	0.0558
5263	110.142	11.428	0.0014
5325	10.000	5.894	0.0238
5191	110.579	7.231	0.0120
5338	10.000	14.683	0.0003
5323	10.000	7.124	0.0127
5322	10.000	5.351	0.0315
5310	10.517	6.101	0.0214
5262	15.287	16.148	0.0001
5320	10.837	7.671	0.0096
5330	10.000	13.337	0.0005
5336	10.000	6.378	0.0186
5327	10.618	7.384	0.0111
5368	10.541	3.469	0.0835
5365	10.000	5.222	0.0336
5361	10.000	6.589	0.0167
5366	11.161	5.152	0.0349
5359	10.000	6.606	0.0165
5367	10.000	12.060	0.0010
5345	19.052	8.167	0.0075
5351	15.758	9.024	0.0048
5371	10.000	12.504	0.0008
5372	11.675	3.848	0.0685
5369	10.018	6.087	0.0216
5389	10.496	7.700	0.0095
5387	10.000	21.583	0.0000
5349	123.797	4.583	0.0468
5388	10.389	15.365	0.0002
5385	10.000	9.923	0.0031
5386	10.000	18.738	0.0000
5414	10.169	5.177	0.0344
5407	10.000	28.086	0.0000
5391	11.329	6.177	0.0206
5411	10.000	39.341	0.0000
5406	11.681	6.816	0.0149
5410	10.787	6.501	0.0174
5412	10.710	24.537	0.0000
5420	10.318	6.555	0.0170
5422	10.000	9.743	0.0034
5415	10.000	6.437	0.0180
5409	10.991	50.742	0.0000
5350	126.910	6.484	0.0176
5353	110.717	12.346	0.0009
5421	10.731	3.585	0.0785
5416	10.000	4.331	0.0533
5436	11.662	3.722	0.0731
5440	11.324	13.624	0.0005
5448	18.223	11.587	0.0013
5435	11.288	80.941	0.0000
5437	10.731	40.996	0.0000
5465	15.758	11.796	0.0012
5458	12.442	14.862	0.0003
5473	13.628	35.203	0.0000
5474	17.462	45.802	0.0000
5454	18.569	16.276	0.0001
5482	118.461	28.404	0.0000
5484	13.272	25.593	0.0000
5483	18.668	32.114	0.0000
5477	12.818	24.623	0.0000
5478	16.672	10.701	0.0021
5479	117.380	12.651	0.0008
5488	114.013	30.410	0.0000
5494	110.131	17.395	0.0001
5475	13.773	61.150	0.0000
5463	17.499	36.777	0.0000
5485	114.550	4.560	0.0473
5480	19.630	6.250	0.0198
5481	13.457	41.111	0.0000
5507	115.054	14.133	0.0004
5486	11.898	16.435	0.0001
5574	10.000	3.594	0.0782
5514	113.454	31.702	0.0000
5518	17.976	30.707	0.0000
5502	16.443	20.739	0.0000
5519	112.329	10.046	0.0029
5547	110.184	5.285	0.0325
5528	16.315	5.620	0.0274
5611	15.670	7.649	0.0097
5598	16.365	15.052	0.0002
5646	10.000	5.561	0.0282
5594	136.988	10.752	0.0020
5586	113.805	27.473	0.0000
5583	17.493	14.656	0.0003
5647	10.112	8.682	0.0057
5645	10.000	7.843	0.0088
5662	10.259	4.674	0.0446
5685	11.311	3.587	0.0785
5686	10.000	6.619	0.0164
5625	116.550	5.569	0.0281
5600	121.582	6.545	0.0171
5595	111.082	35.106	0.0000
5658	11.052	4.780	0.0422
5614	114.302	11.725	0.0012
5663	12.990	5.373	0.0311
5592	114.363	12.133	0.0010
5613	12.522	52.607	0.0000
5707	11.036	4.127	0.0592
5714	10.447	10.586	0.0022
5712	10.820	6.728	0.0155
5698	10.845	6.376	0.0186
5624	15.008	46.526	0.0000
5710	11.022	4.691	0.0442
5715	11.284	15.361	0.0002
5734	10.000	3.430	0.0852
5719	11.204	18.423	0.0000
5746	11.022	4.750	0.0429
5720	10.346	37.997	0.0000
5756	10.373	5.747	0.0257
5757	11.429	9.026	0.0048
5763	10.817	18.996	0.0000
5764	11.436	10.306	0.0025
5802	11.971	3.537	0.0805
5768	110.978	6.792	0.0150
5769	181.186	3.393	0.0869
5806	12.295	6.238	0.0200
5786	13.379	6.111	0.0213
5863	17.560	4.792	0.0420
5870	17.746	3.238	0.0942
5885	15.945	3.603	0.0778
5861	17.248	12.882	0.0007
5947	11.338	5.369	0.0312
5984	19.884	3.459	0.0839
5975	11.030	8.776	0.0055
5987	10.945	7.820	0.0089
6112	14.676	3.453	0.0842
6096	10.563	5.943	0.0232
6103	10.373	10.192	0.0027
6117	12.196	3.291	0.0916
6125	12.457	3.521	0.0812
6116	11.188	8.324	0.0069
6156	10.000	6.793	0.0150
6154	10.277	4.466	0.0497
6166	10.000	5.379	0.0310
6149	10.841	5.807	0.0249
6160	10.220	7.554	0.0102
6162	10.000	11.229	0.0016
6148	11.228	3.216	0.0953
6225	10.000	5.595	0.0278
6221	11.996	4.676	0.0446
6222	12.181	3.372	0.0878
6238	10.941	5.144	0.0350
6201	10.739	9.085	0.0047
6229	11.509	4.741	0.0431
6220	12.687	8.483	0.0063
6256	10.747	3.407	0.0862
6264	12.342	3.602	0.0779
6277	11.209	6.629	0.0163
6265	13.542	5.604	0.0276
6249	13.948	9.962	0.0030
6306	11.129	5.273	0.0328
6302	13.568	3.222	0.0950
6318	11.432	6.737	0.0155
6342	10.976	4.251	0.0555
6338	12.226	3.443	0.0846