1	8,5263E+01	7,5789E+01	3,89284E+03
34	576	82	3,89284E+03
82	1351	164	1633
86	1994	261	2864
88	2264	326	2872
88	2518	443	2872
91	2661	1387	2872
96	2707	158	2872
100	2717	1622	2877
102	2724	1632	2877
104	2725	1633	2877
107	2727	1634	2877
108	2727	1634	2877
110	273	1647	2877
112	2732	1744	2877
116	2742	209	2877
118	2753	2163	2877
120	2759	2606	2877
124	2764	2634	2877
128	2765	2641	2877
129	2767	2658	2877
132	2768	2663	2877
136	2768	2663	2877
141	277	2663	2877
148	2772	2663	2877
150	2774	2663	2877
152	2774	2663	2877
154	2774	2663	2877
156	2774	2663	2877
160	2774	2663	2877
160	2774	2663	2877
162	2774	2663	2877
162	2774	2663	2877
164	2774	2663	2877
166	2774	2663	2877
174	2774	2663	2877
183	2774	2663	2877
187	2774	2663	2877
190	2774	2663	2877
192	2774	2663	2877
196	2774	2663	2877
203	2774	2663	2877
208	2774	2663	2877
216	2774	2663	2877
224	2774	2663	2877
224	2774	2663	2877
226	2774	2663	2877
233	2774	2663	2877
238	2774	2663	2877
240	2774	2663	2877
244	2774	2663	2877
246	2774	2663	2877
248	2774	2663	2877
256	2774	2663	2877
264	2774	2663	2877
266	2774	2663	2877
270	2774	2663	2877
276	2774	2663	2877
280	2774	2663	2877
285	2774	2663	2877
288	2774	2663	2877
290	2774	2663	2877
293	2774	2663	2877
296	2774	2663	2877
297	2774	2663	2877
298	2774	2663	2877
300	2774	2663	2877
300	2774	2663	2877
302	2774	2663	2877
306	2774	2663	2877
308	2774	2663	2877
313	2774	2663	2877
324	2774	2663	2877
332	2774	2663	2877
334	2774	2663	2877
340	2774	2663	2877
348	2774	2663	2877
352	2774	2663	2877
356	2774	2663	2877
360	2774	2663	2877
364	2774	2663	2877
364	2774	2663	2877
366	2774	2663	2877
368	2774	2663	2877
372	2774	2663	2877
376	2774	2663	2877
382	2774	2663	2877
390	2774	2663	2877
394	2774	2663	2877
397	2774	2663	2877
402	2774	2663	2877
408	2774	2663	2877
414	2774	2663	2877
419	2774	2663	2877
422	2774	2663	2877
426	2774	2663	2877
430	2774	2663	2877
430	2774	2663	2877
433	2774	2663	2877
436	2774	2663	2877
440	2774	2663	2877
442	2774	2663	2877
444	2774	2663	2877
446	2774	2663	2877
449	2774	2663	2877
452	2774	2663	2877
454	2774	2663	2877
462	2774	2663	2877
470	2774	2663	2877
472	2774	2663	2877
474	2774	2663	2877
476	2774	2663	2877
480	2774	2663	2877
484	2774	2663	2877
484	2774	2663	2877
486	2774	2663	2877
488	2774	2663	2877
494	2774	2663	2877
498	2774	2663	2877
500	2774	2663	2877
500	2774	2663	2877
502	2774	2663	2877
506	2774	2663	2877
510	2774	2663	2877
512	2774	2663	2877
514	2774	2663	2877
514	2774	2663	2877
517	2774	2663	2877
520	2774	2663	2877
525	2774	2663	2877
528	2774	2663	2877
531	2774	2663	2877
536	2774	2663	2877
538	2774	2663	2877
540	2774	2663	2877
542	2774	2663	2877
544	2774	2663	2877
546	2774	2663	2877
550	2774	2663	2877
556	2774	2663	2877
560	2774	2663	2877
567	2774	2663	2877
576	2774	2663	2877
578	2774	2663	2877
578	2774	2663	2877
588	2774	2663	2877
598	2774	2663	2877
600	2774	2663	2877
602	2774	2663	2877
605	2774	2663	2877
608	2774	2663	2877
610	2774	2663	2877
612	2774	2663	2877
614	2774	2663	2877
617	2774	2663	2877
622	2774	2663	2877
626	2774	2663	2877
630	2774	2663	2877
633	2774	2663	2877
638	2774	2663	2877
648	2774	2663	2877
660	2774	2663	2877
666	2774	2663	2877
670	2774	2663	2877
675	2774	2663	2877
680	2774	2663	2877
684	2774	2663	2877
692	2774	2663	2877
700	2774	2663	2877
704	2774	2663	2877
706	2774	2663	2877
708	2774	2663	2877
710	2774	2663	2877
712	2774	2663	2877
715	2774	2663	2877
717	2774	2663	2877
720	2774	2663	2877
726	2774	2663	2877
730	2774	2663	2877
734	2774	2663	2877
738	2774	2663	2877
740	2774	2663	2877
740	2774	2663	2877
750	2774	2663	2877
762	2774	2663	2877
766	2774	2663	2877
768	2774	2663	2877
772	2774	2663	2877
774	2774	2663	2882
777	2774	2663	2882
780	2774	2663	2882
784	2774	2663	2882
786	2774	2663	2882
790	2774	2663	2882
793	2774	2663	2882
794	2774	2663	2882
800	2774	2663	2882
806	2774	2663	2882
810	2774	2663	2882
818	2774	2663	2882
822	2774	2663	2882
824	2774	2663	2882
830	2774	2663	2882
840	2774	2663	2882
846	2774	2663	2882
848	2774	2663	2882
852	2774	2663	2882
856	2774	2663	2882
862	2774	2663	2882
866	2774	2663	2882
868	2774	2663	2882
875	2774	2663	2882
882	2774	2663	2882
884	2774	2663	2882
885	2774	2663	2882
894	2774	2663	2882
902	2774	2663	2882
902	2774	2663	2882
906	2774	2663	2882
910	2774	2663	2882
914	2774	2663	2882
918	2781	2666	2882
920	2784	2667	2882
924	2784	2667	2883
932	2793	2667	2883
938	284	2675	2885
942	2949	2682	3234
947	3347	2693	5782
953	3929	2702	6356
958	4756	2709	6704
960	549	2731	7074
962	5911	2755	726
964	6239	285	7414
971	6405	5223	7551
977	641	526	7673
978	641	526	7673
980	641	526	7673
980	641	526	7673
982	641	526	7673
986	641	526	7673
988	641	526	7673
992	641	526	7673
994	641	526	7673
996	641	526	7673
1000	641	526	7673
1004	6305	4789	7673
1007	5993	2011	7673
1008	5525	1299	7669
1010	4541	1085	7551
1011	3404	944	7405
1012	2709	883	7224
1014	2274	844	7013
1018	1956	704	6638
1021	1839	655	6041
1024	1696	579	5803
1028	1562	397	5379
1030	1445	285	2303
1034	1445	285	222
1038	1445	285	222
1045	1445	285	222
1050	1445	285	222
1062	1445	285	222
1074	152	383	222
1077	1571	596	2407
1081	1631	646	2432
1084	1708	745	2483
1084	1753	77	254
1086	1809	847	2548
1088	1882	979	257
1092	1944	1042	2599
1098	2043	1119	2631
1100	2149	1181	2689
1104	2229	1246	2707
1107	2267	1312	272
1110	2292	138	2731
1111	231	1508	2731
1114	2331	1918	2731
1122	2341	1969	2739
1130	2345	1973	2743
1142	2347	1975	2743
1150	2347	1975	2743
1153	2347	1975	2743
1156	2347	1975	2743
1162	2347	1975	2743
1166	2347	1975	2743
1166	2347	1975	2743
1168	2347	1975	2743
1170	2347	1975	2743
1173	2347	1975	2743
1178	2347	1975	2743
1180	2347	1975	2743
1186	2347	1975	2743
1190	2347	1975	2743
1192	2347	1975	2743
1192	2347	1975	2743
1194	2347	1975	2743
1196	2347	1975	2743
1198	2347	1975	2743
1200	2347	1975	2743
1202	2347	1975	2743
1205	2347	1975	2743
1206	2347	1975	2743
1210	2347	1975	2743
1216	2347	1975	2743
1220	2347	1975	2743
1230	2347	1975	2743
1264	2347	1975	2743
1289	2347	1975	2743
1290	2347	1975	2743
1292	2347	1975	2743
1294	2347	1975	2743
1296	2347	1975	2743
1300	2347	1975	2743
1324	2352	1975	2743
1349	3058	2034	2751
1358	3743	2096	5016
1364	4167	2141	5229
1364	4506	2357	5295
1366	4715	3935	5376
1372	4758	4127	5385
1378	4761	4127	5408
1379	4769	414	5408
1382	4765	4146	5401
1384	4758	414	5385
1388	4732	4133	5385
1394	4721	4127	5376
1398	4721	4127	5376
1400	4721	4127	5376
1402	4721	4127	5376
1405	4721	4127	5376
1408	4721	4127	5376
1412	4721	4127	5376
1416	4721	4127	5376
1418	4721	4127	5376
1418	4721	4127	5376
1420	4721	4127	5376
1422	4721	4127	5376
1424	4721	4127	5376
1424	4721	4127	5376
1426	4721	4127	5376
1428	4721	4127	5376
1431	4721	4127	5376
1434	4721	4127	5376
1439	4721	4127	5376
1445	4721	4127	5376
1447	4721	4127	5376
1450	4721	4127	5376
1452	4721	4127	5376
1456	4721	4127	5376
1462	4721	4127	5376
1468	4721	4127	5376
1470	4721	4127	5376
1474	4721	4127	5376
1478	4721	4127	5376
1480	4721	4127	5376
1482	4721	4127	5376
1486	4721	4127	5376
1488	4721	4127	5376
1490	4721	4127	5376
1491	4721	4127	5376
1497	4721	4127	5376
1503	4721	4127	5376
1508	4721	4127	5376
1512	4721	4127	5376
1514	4721	4127	5376
1517	4721	4127	5376
1520	4721	4127	5376
1522	4721	4127	5376
1523	4721	4127	5376
1525	4721	4127	5376
1526	4721	4127	5376
1528	4721	4127	5376
1529	4721	4127	5376
1532	4721	4127	5376
1534	4721	4127	5376
1538	4721	4127	5376
1540	4717	4127	5376
1542	4696	4085	5376
1545	4591	1433	5376
1550	391	1207	5355
1558	2454	1146	5236
1564	2132	1135	4737
1566	1798	1119	4708
1568	153	1115	4647
1569	1332	1109	4493
1572	1269	1108	1517
1577	1269	1108	1451
1581	1266	1108	1451
1584	1266	1108	1451
1587	1266	1108	1451
1588	1266	1108	1451
1604	1266	1108	1451
1620	1266	1108	1451
1623	1266	1108	1451
1627	1266	1108	1451
1630	1266	1108	1451
1630	1266	1108	1451
1632	1266	1108	1451
1636	1266	1108	1451
1640	1266	1108	1451
1640	1266	1108	1451
1642	1266	1108	1451
1648	1266	1108	1451
1655	1266	1108	1451
1664	1266	1108	1451
1670	1266	1108	1451
1676	1266	1108	1451
1682	1266	1108	1451
1684	1266	1108	1451
1698	1266	1108	1451
1712	1266	1108	1451
1718	1263	11	1451
1720	1259	1097	145
1724	125	1094	1436
1726	1244	1084	1435
1730	123	269	1433
1734	1211	24	1427
1736	1195	237	1427
1738	1186	234	1427
1742	117	226	1427
1745	1159	224	1426
1748	1135	215	1426
1750	1117	213	1421
1754	1086	197	1421
1757	1029	19	1416
1759	978	185	1414
1762	908	182	1406
1765	805	176	14
1766	679	171	1388
1771	528	164	1372
1778	379	152	1351
1936	187	135	1304
2092	187	135	259
2094	187	135	259
2094	187	135	259
2097	187	135	259
2139	187	135	259
2180	187	135	259
2220	187	135	259
2264	187	135	259
2267	187	135	259
2269	187	135	259
2271	187	135	259
2272	187	135	259
2274	187	135	259
2275	187	135	259
2277	187	135	259
2290	187	135	259
2312	188	135	259
2320	229	137	267
2325	276	137	1127
2335	404	138	1177
2342	562	139	1221
2343	732	152	1316
2346	89	163	133
2348	1011	17	1357
2354	1121	203	137
2360	1153	217	1392
2362	1187	236	1407
2374	1219	325	1408
2388	1224	1047	1409
2391	123	106	141
2394	1237	1065	1414
2394	1241	1079	1417
2397	1245	1085	1418
2404	125	1086	1421
2410	125	1086	1424
2412	125	1086	1424
2414	125	1086	1424
2419	125	1086	1424
2426	125	1086	1424
2432	125	1086	1424
2433	125	1086	1424
2434	125	1086	1424
2438	125	1086	1424
2446	125	1086	1424
2450	125	1086	1424
2452	125	1086	1424
2452	125	1086	1424
2454	125	1086	1424
2455	125	1086	1424
2456	125	1086	1424
2458	125	1086	1424
2464	125	1086	1424
2474	125	1086	1424
2478	125	1086	1424
2483	125	1086	1424
2489	1248	1085	1424
2494	1235	1065	1424
2498	1211	128	1421
2502	1198	109	1418
2506	1098	72	1417
2508	957	48	1409
2510	806	25	1403
2511	646	15	1386
2512	505	13	1351
2514	357	11	1334
2518	215	9	132
2522	139	9	1251
2545	86	9	1197
2802	81	9	139
3057	169	43	137
3082	307	51	962
3090	549	64	998
3094	747	73	1024
3122	934	848	103
3150	968	857	1036
3152	973	858	104
3153	975	858	104
3157	975	858	1043
3160	975	858	1043
3162	975	858	1043
3165	975	858	1043
3168	971	858	1043
3172	967	858	104
3182	954	858	104
3192	946	858	1039
3196	944	858	1037
3200	944	858	1036
3202	944	858	1036
3210	944	858	1036
3220	944	858	1036
3272	944	858	1036
3322	944	858	1036
3326	944	858	1036
3332	944	858	1036
3336	944	858	1036
3339	944	858	1036
3340	944	858	1036
3343	944	858	1036
3348	944	858	1036
3354	944	858	1036
3366	944	858	1036
3376	944	858	1036
3380	944	858	1036
3381	944	858	1036
3385	944	858	1036
3400	944	858	1036
3417	944	858	1036
3423	944	858	1036
3424	944	858	1036
3432	944	858	1036
3456	944	858	1036
3478	944	858	1036
3486	944	858	1036
3487	944	858	1036
3488	944	858	1036
3490	944	858	1036
3494	943	858	1036
3496	943	857	1036
3501	943	857	1036
3506	942	856	1036
3514	942	856	1036
3526	942	856	1036
3601	942	856	1036
3678	942	856	1036
3688	942	856	1036
3694	942	856	1036
3700	942	856	1036
3704	942	856	1036
3706	942	856	1036
3708	942	856	1036
3712	948	856	1036
3716	951	856	1037
3718	951	856	1038
3720	959	856	1038
3722	966	856	104
3724	981	857	1043
3727	1006	858	2075
3730	106	862	2343
3735	1108	863	2469
3740	1255	867	2508
3742	1417	872	2602
3748	1629	879	263
3754	1962	893	2728
3758	2194	902	2863
3760	2409	914	294
3764	2484	939	2995
3765	2535	968	3009
3766	2568	1038	3024
3770	2616	2203	3053
3774	2618	2213	3053
3776	2618	2213	3053
3776	2618	2213	3053
3778	2618	2213	3053
3778	2618	2213	3053
3780	2618	2213	3053
3782	2618	2213	3053
3783	2618	2213	3053
3785	2618	2213	3053
3788	2618	2213	3053
3792	2618	2213	3053
3795	2618	2213	3053
3800	2618	2213	3053
3804	2618	2213	3053
3806	2618	2213	3053
3808	2618	2213	3053
3810	2618	2213	3053
3814	2618	2213	3053
3818	2618	2213	3053
3826	2618	2213	3053
3832	2618	2213	3053
3834	2618	2213	3053
3836	2618	2213	3053
3839	2618	2213	3053
3842	2618	2213	3053
3844	2618	2213	3053
3846	2618	2213	3053
3848	2618	2213	3053
3852	2618	2213	3053
3856	2618	2213	3053
3858	2618	2213	3053
3860	2618	2213	3053
3860	2618	2213	3053
3862	2618	2213	3053
3864	2618	2213	3053
3866	2618	2213	3053
3870	2618	2213	3053
3874	2618	2213	3053
3876	2618	2213	3053
3883	2618	2213	3053
3890	2588	2144	3053
3894	2534	966	3024
3902	2378	89	2995
3908	2009	836	295
3914	1671	821	2903
3920	1376	805	2802
3926	1144	782	2748
3934	1025	78	2606
3940	961	78	2487
3963	911	777	2202
3985	905	773	1027
3996	902	767	1019
4004	901	767	1015
4004	899	767	1015
4006	899	767	1013
4010	899	767	1013
4014	899	767	1013
4022	899	767	1013
4048	899	767	1013
4072	899	767	1013
4075	899	767	1013
4078	899	767	1013
4098	899	767	1013
4120	899	767	1013
4128	899	767	1013
4146	899	767	1013
4205	899	767	1013
4265	899	767	1013
4292	899	767	1013
4320	9	773	1013
4342	913	777	1015
4344	928	783	1037
4349	948	803	1323
4354	956	809	1864
4362	956	809	1877
4375	957	809	1877
4383	959	809	1877
4386	959	809	1916
4388	968	812	1916
4390	969	812	2003
4393	973	812	2003
4396	986	813	2003
4398	1001	813	2109
4400	1001	813	2276
4405	1003	813	2276
4409	1023	815	2282
4413	1031	815	2473
4416	1045	816	25
4418	106	816	2556
4421	1075	816	268
4424	1097	816	2737
4428	1134	817	2795
4432	1156	817	2844
4434	1181	82	2925
4436	1209	823	2973
4442	13	823	3098
4448	2118	833	3523
4450	3083	845	4906
4452	3794	903	5416
4456	4187	1535	553
4458	4247	1743	5749
4460	4258	1864	5765
4460	4292	1916	5859
4462	4296	1916	6028
4464	4298	1925	6028
4466	4321	2003	6028
4467	4337	2009	6043
4469	4356	2109	6053
4470	4387	2167	6122
4472	4411	2395	6141
4474	4443	2464	6198
4475	4474	2495	6243
4476	4488	251	6244
4480	4464	2494	6318
4482	411	1377	6318
4484	3652	1346	6053
4488	3115	1332	5611
4492	2451	1315	5116
4494	1894	1307	4832
4498	1617	1286	4318
4502	1535	1285	3281
4506	1512	1285	3012
4506	1482	1285	2947
4508	1446	1285	2867
4510	1412	1277	2795
4512	1393	1277	1488
4520	1385	1277	1481
4528	1385	1277	148
4530	1385	1277	148
4532	1385	1277	148
4535	1385	1277	148
4538	1385	1277	148
4542	1385	1277	148
4546	1385	1277	148
4552	1385	1277	148
4558	1385	1277	148
4560	1385	1277	148
4563	1385	1277	148
4566	1385	1277	148
4568	1385	1277	148
4575	1385	1277	148
4583	1385	1277	148
4586	1385	1277	148
4586	1385	1277	148
4588	1385	1277	148
4590	1385	1277	148
4594	1385	1277	148
4599	1385	1277	148
4603	1385	1277	148
4606	1385	1277	148
4608	1385	1277	148
4608	1385	1277	148
4610	1385	1277	148
4612	1385	1277	148
4617	1385	1277	148
4620	1385	1277	148
4622	1385	1277	148
4627	1385	1277	148
4632	1385	1277	148
4636	1385	1277	148
4638	1385	1277	148
4642	1385	1277	148
4646	1385	1277	148
4648	1385	1277	148
4650	1385	1277	148
4652	1385	1277	148
4655	1385	1277	148
4658	1385	1277	148
4661	1385	1277	148
4664	1385	1277	148
4666	1385	1277	148
4668	1385	1277	148
4670	1385	1277	148
4676	1385	1277	148
4680	1385	1277	148
4683	1385	1277	148
4688	1385	1277	148
4696	1385	1277	148
4702	1385	1277	148
4703	1385	1277	148
4706	1385	1277	148
4708	1385	1277	148
4709	1385	1277	148
4714	1385	1277	148
4720	1385	1277	148
4724	1385	1277	148
4727	1385	1277	148
4732	1385	1277	148
4736	1385	1277	148
4738	1385	1277	148
4743	1385	1277	148
4747	1385	1277	148
4749	1385	1277	148
4752	1385	1277	148
4754	1385	1277	148
4756	1385	1277	148
4760	1385	1277	148
4762	1385	1277	148
4766	1385	1277	148
4770	1385	1277	148
4776	1385	1277	148
4782	1385	1277	148
4784	1385	1277	148
4786	1385	1277	148
4787	1385	1277	148
4788	1394	1277	148
4790	1401	1277	1481
4793	1421	1277	1482
4795	1469	1277	1504
4800	1525	1277	2994
4806	1766	1288	311
4808	2014	1307	3614
4810	2278	1314	381
4812	2524	1316	3852
4814	2736	1316	3884
4816	2962	1336	3931
4818	3122	1343	3963
4821	3316	1363	3996
4824	3393	1389	4236
4826	3447	1417	4425
4826	3484	1422	4551
4828	3508	1455	4809
4830	3524	1465	4899
4832	3565	1487	4919
4834	3593	2887	4978
4836	3618	2921	5006
4838	3632	2931	5028
4840	3653	2945	5035
4844	3653	2945	509
4848	3653	2945	509
4852	3653	2945	509
4855	3653	2945	509
4858	3653	2945	509
4864	3653	2945	509
4870	3653	2945	509
4872	3653	2945	509
4874	3653	2945	509
4876	3653	2945	509
4879	3653	2945	509
4884	3653	2945	509
4890	3653	2945	509
4894	3653	2945	509
4900	3653	2945	509
4908	3653	2945	509
4914	3653	2945	509
4918	3653	2945	509
4922	3657	2945	509
4927	3691	2945	513
4930	3765	2962	521
4936	3861	3011	5733
4944	4559	3135	5926
4950	5405	3356	6487
4954	559	3426	6569
4955	5737	3618	6601
4956	5879	3959	6657
4958	5956	4967	6682
4960	5964	4978	6682
4962	5964	4978	6682
4962	5964	4978	6682
4964	5964	4978	6682
4965	5964	4978	6682
4970	5968	4978	6682
4974	5968	4978	6682
4974	5968	4978	6682
4976	5968	4978	6682
4977	5968	4978	6682
4980	5968	4978	6682
4984	5968	4978	6682
4986	5968	4978	6682
4988	5968	4978	6682
4990	5962	4978	6682
4995	5945	4978	6682
5000	5941	4978	6646
5001	5938	4978	6641
5005	5929	4978	6601
5012	5929	4978	6589
5017	5929	4978	6589
5018	5929	4978	6589
5022	5929	4978	6589
5026	5929	4978	6589
5028	5929	4978	6589
5030	5929	4978	6589
5030	5929	4978	6589
5033	5929	4978	6589
5036	5929	4978	6589
5038	5927	4978	6589
5040	5927	4978	6581
5044	5927	4978	6581
5049	5927	4978	6581
5054	5927	4978	6581
5057	5927	4978	6581
5061	5927	4978	6581
5064	5927	4978	6581
5066	5927	4978	6581
5068	5927	4978	6581
5070	5927	4978	6581
5073	5927	4978	6581
5075	5927	4978	6581
5078	5927	4978	6581
5080	5927	4978	6581
5082	5927	4978	6581
5084	5927	4978	6581
5088	5927	4978	6581
5088	5927	4978	6581
5090	5927	4978	6581
5092	5927	4978	6581
5094	5927	4978	6581
5100	5927	4978	6581
5106	5927	4978	6581
5110	5927	4978	6581
5112	5927	4978	6581
5117	5927	4978	6581
5122	5927	4978	6581
5126	5927	4978	6581
5128	5927	4978	6581
5130	5927	4978	6581
5135	5916	4967	6581
5140	5905	4937	6581
5144	5854	4809	6581
5146	5616	286	6581
5148	5246	2801	6563
5150	4511	2761	6534
5150	3878	2723	6403
5153	3299	2703	6291
5158	3018	2701	5992
5166	2947	2701	4809
5174	2947	2701	3265
5178	2947	2701	3265
5184	2947	2701	3265
5192	2947	2701	3265
5195	2947	2701	3265
5198	2947	2701	3265
5200	2947	2701	3265
5202	2947	2701	3265
5204	2947	2701	3265
5207	2947	2701	3265
5212	2947	2701	3265
5216	2947	2701	3265
5220	2947	2701	3265
5224	2947	2701	3265
5226	2947	2701	3265
5232	2947	2701	3265
5236	2947	2701	3265
5240	2947	2701	3265
5246	2947	2701	3265
5250	2947	2701	3265
5252	2947	2701	3265
5254	2947	2701	3265
5258	2947	2701	3265
5261	2947	2701	3265
5264	2947	2701	3265
5268	2947	2701	3265
5270	2947	2701	3265
5272	2947	2701	3265
5272	2947	2701	3265
5278	2947	2701	3265
5288	2947	2701	3265
5294	2946	2701	3265
5296	2936	2685	3265
5296	2924	2195	3265
5298	2911	2115	3265
5304	2883	2086	324
5310	285	2047	3213
5316	2818	2028	3212
5320	2772	2019	3212
5320	2736	1991	321
5322	2691	1983	3201
5324	2659	1983	3185
5328	2613	1983	3181
5332	2578	1982	3173
5336	2542	1976	3173
5341	2516	1969	3154
5347	2489	1961	3137
5351	2465	1961	3122
5354	2442	1961	3117
5358	2429	1961	3107
5364	2415	1961	3105
5368	2395	1961	3098
5368	2378	1961	3067
5370	2369	1961	3035
5376	236	1961	3031
5380	2357	1961	3025
5382	2353	196	3017
5383	2349	196	3016
5386	2347	1956	3016
5392	2347	1956	3016
5397	2345	1956	3016
5398	2342	1946	3016
5406	2333	1922	3014
5418	2332	1919	3014
5423	2318	1837	3014
5426	2313	1768	3014
5428	2308	1742	3014
5430	2301	1735	3014
5432	2293	1671	3014
5434	2282	1647	3014
5436	2274	1647	3014
5440	2269	1644	3014
5442	2253	1602	3014
5445	2207	1364	3012
5446	2165	1262	299
5448	2117	1238	2979
5451	207	1203	2966
5454	2016	1145	2943
5454	1987	1137	2855
5456	1963	1137	2847
5458	1936	1129	2826
5460	1919	1115	277
5464	1901	1094	2723
5470	1881	1079	2197
5482	1864	1062	2193
5492	1864	1062	2189
5494	1864	1062	2189
5496	1864	1062	2189
5502	1864	1062	2189
5514	1866	1063	2189
5528	1876	1079	2189
5534	1892	1083	219
5536	1925	1145	2193
5538	1955	1209	2195
5540	1968	1217	2212
5544	1982	1274	223
5545	1992	131	223
5547	2003	1396	224
5548	2011	1424	2251
5552	2015	1429	2252
5555	2015	1429	2255
5557	2018	1437	2255
5558	2027	1468	2255
5562	2029	1472	2261
5564	2036	1479	2261
5568	2038	148	2267
5574	2043	1491	2267
5578	2046	15	2269
5580	2049	1534	2269
5582	2049	1534	227
5582	205	1537	227
5584	2051	1557	2272
5586	2053	1557	2272
5590	2058	1575	2272
5592	206	1586	2278
5594	2062	1588	2278
5596	2063	1588	228
5598	2065	1592	2282
5606	2066	1592	2291
5618	2067	1595	2294
5623	2074	1602	2305
5627	2084	1604	233
5632	2089	1605	2511
5636	2097	162	2627
5638	2099	1627	263
5640	2099	1627	263
5642	2101	1644	263
5644	2103	1646	263
5644	211	1657	263
5648	2115	1665	263
5650	2121	1742	263
5654	2126	1763	263
5656	2128	1773	263
5658	2137	1905	263
5660	2145	1956	263
5664	215	1969	263
5670	215	1972	263
5670	215	1976	263
5672	215	1976	263
5678	215	1976	263
5682	215	1976	263
5684	215	1976	263
5694	215	1976	263
5704	215	1976	263
5704	2151	1976	263
5706	2152	1976	263
5710	2153	1981	263
5712	2153	1982	263
5713	2153	1982	263
5716	2153	1982	263
5718	2153	1982	263
5721	2153	1982	263
5725	2153	1983	263
5730	2153	1983	263
5736	2153	1983	263
5739	2153	1983	263
5742	2153	1983	263
5745	2153	1983	263
5750	2153	1983	263
5754	2153	1983	263
5756	2153	1983	263
5758	2153	1983	263
5760	2153	1983	263
5762	2153	1983	263
5763	2153	1983	263
5766	2153	1983	263
5771	2153	1983	263
5774	2153	1983	263
5778	2153	1983	263
5782	2153	1983	263
5786	2153	1983	263
5786	2153	1983	263
5788	2153	1983	263
5790	2153	1983	263
5792	2153	1983	263
5800	2153	1983	263
5806	2153	1983	263
5810	2153	1983	263
5816	2153	1983	263
5820	2153	1983	263
5822	2153	1983	263
5822	2153	1983	263
5825	2153	1983	263
5830	2153	1983	263
5833	2153	1983	263
5840	2153	1983	263
5848	2153	1983	263
5851	2153	1983	263
5854	2153	1983	263
5855	2155	1985	263
5856	2155	1985	2631
5859	216	1988	2631
5862	2164	1988	2652
5864	2167	1988	2661
5866	2175	1988	2672
5868	2177	1988	2711
5871	218	1988	2737
5874	2182	1988	278
5878	2183	1988	2783
5882	2183	1988	2783
5886	2183	1988	2783
5889	2183	1988	2783
5894	2183	1988	2783
5900	2183	1988	2783
5904	2183	1988	2783
5907	2183	1988	2783
5908	2183	1988	2783
5910	2183	1988	2783
5912	2183	1988	2783
5919	2183	1988	2783
5925	2183	1988	2783
5928	2183	1988	2783
5930	2185	1991	2783
5934	2185	1991	2785
5937	2185	1991	2785
5942	2185	1991	2785
5946	2185	1991	2785
5952	2185	1991	2785
5960	2185	1991	2785
5962	2185	1991	2785
5966	2185	1991	2785
5969	2185	1991	2785
5972	2185	1991	2785
5975	2185	1991	2785
5982	2185	1991	2785
5986	2185	1991	2785
5990	2185	1991	2785
5998	2187	1991	2785
6004	2187	1991	2787
6006	2187	1991	2787
6017	2187	1991	2787
6034	2187	1991	2787
6042	2659	2004	2787
6048	4018	2013	8348
6054	4494	2025	9246
6059	4913	2042	952
6062	5695	206	971
6063	6488	2068	10781
6064	7393	208	11314
6068	8105	2087	11438
6072	8875	263	11745
6074	891	2646	12423
6076	891	2646	12423
6076	891	2646	12423
6080	891	2646	12423
6082	891	2646	12423
6088	891	2646	12423
6094	891	2646	12423
6096	891	2646	12423
6100	891	2646	12423
6103	891	2646	12423
6104	891	2646	12423
6106	891	2646	12423
6110	891	2646	12423
6112	891	2646	12423
6114	891	2646	12423
6116	891	2646	12423
6122	891	2646	12423
6126	891	2646	12423
6128	891	2646	12423
6132	8856	2631	12423
6134	8753	2627	12423
6136	8545	2499	12195
6138	8129	2477	11981
6140	7941	2474	1161
6142	7442	2434	11461
6144	6749	2391	11292
6146	5876	2389	11033
6149	476	2389	10644
6154	3699	2389	9997
6158	3262	2386	8899
6158	2876	2386	8663
6168	2544	2386	8056
6180	2544	2386	2791
6185	2544	2386	2791
6188	2544	2386	2791
6188	2544	2386	2791
6193	2544	2386	2791
6198	2544	2386	2791
6198	2544	2386	2791
6200	2544	2386	2791
6204	2544	2386	2791
6207	254	2386	2791
6215	2536	2386	2791
6222	2536	2386	2787
6224	2533	2386	2787
6228	2525	2383	2784
6237	2524	2381	278
6245	2524	2381	278
6248	2524	2381	278
6254	2524	2381	278
6260	2524	2381	278
6261	2524	2381	278
6262	2524	2381	278
6264	2524	2381	278
6265	2524	2381	278
6266	2524	2381	278
6268	2524	2381	278
6270	2524	2381	278
6272	2524	2381	278
6274	2524	2381	278
6276	2524	2381	278
6278	2524	2381	278
6280	2524	2381	278
6284	2524	2381	278
6286	2524	2381	278
6288	2524	2381	278
6293	2524	2381	278
6298	2524	2381	278
6300	2524	2381	278
6304	2524	2381	278
6310	2524	2381	278
6314	2524	2381	278
6316	2524	2381	278
6316	2524	2381	278
6318	2524	2381	278
6320	2524	2381	278
6320	2524	2381	278
6323	2524	2381	278
6328	2524	2381	278
6336	2524	2381	278
6342	2524	2381	278
6346	2524	2381	278
6353	2524	2381	278
6362	2524	2381	278
6366	2524	2381	278
6370	2524	2381	278
6374	2524	2381	278
6376	2524	2381	278
6379	2524	2381	278
6380	2524	2381	278
6383	2524	2381	278
6386	2524	2381	278
6388	2524	2381	278
6390	2524	2381	278
6392	2524	2381	278
6400	2524	2381	278
6408	2524	2381	278
6414	2524	2381	278
6418	2524	2381	278
6422	2524	2381	278
6425	2524	2381	278
6428	2524	2381	278
6431	2524	2381	278
6434	2524	2381	278
6436	2524	2381	278
6440	2524	2381	278
6442	2524	2381	278
6444	2524	2381	278
6448	2524	2381	278
6452	2524	2381	278
6454	2524	2381	278
6462	2524	2381	278
6472	2524	2381	278
6482	2524	2381	278
6492	2524	2381	278
6496	2524	2381	278
6502	2524	2381	278
6510	2524	2381	278
6518	2524	2381	278
6520	2524	2381	278
6524	2524	2381	278
6526	2524	2381	278
6529	2524	2381	278
6532	2524	2381	278
6534	2524	2381	278
6538	2524	2381	278
6542	2524	2381	278
6545	2524	2381	278
6552	2524	2381	278
6556	2524	2381	278
6559	2524	2381	278
6562	2524	2381	278
6564	2524	2381	278
6564	2524	2381	278
6570	2524	2381	278
6574	2524	2381	278
6576	2524	2381	278
6578	2524	2381	278
6582	2524	2381	278
6584	2524	2381	278
6584	2523	2381	278
6586	252	2379	278
6586	252	2379	278
6588	2518	2379	278
6590	2502	2376	278
6592	2452	1154	2737
6594	2384	1098	2712
6594	2305	1073	2711
6596	2218	1045	2677
6596	2127	103	2664
6598	2012	102	2663
6598	1876	1001	2661
6600	1732	977	2661
6602	1578	934	2652
6612	1314	855	2652
6626	1099	363	2603
6633	1042	244	1581
6638	1042	244	142
6644	1042	244	142
6648	1042	244	142
6650	1042	244	142
6656	1042	244	142
6660	1042	244	142
6662	1042	244	142
6670	1042	244	142
6680	1102	258	142
6684	1531	33	1498
6686	1979	47	4484
6688	2684	662	4588
6690	3446	939	4666
6692	4183	1196	4705
6696	4342	3997	4749
6698	439	4054	4767
6702	439	4054	4767
6704	439	4054	4767
6706	439	4054	4767
6710	439	4054	4767
6714	439	4054	4767
6718	439	4054	4767
6724	439	4054	4767
6734	439	4054	4767
6743	439	4054	4767
6748	439	4054	4767
6753	439	4054	4767
6758	439	4054	4767
6760	439	4054	4767
6764	439	4054	4767
6775	439	4054	4767
6782	439	4054	4767
6784	439	4054	4767
6786	439	4054	4767
6792	439	4054	4767
6797	439	4054	4767
6800	439	4054	4767
6802	439	4054	4767
6804	439	4054	4767
6807	439	4054	4767
6811	439	4054	4767
6814	439	4054	4767
6816	439	4054	4767
6817	439	4054	4767
6819	439	4054	4767
6822	439	4054	4767
6826	439	4054	4767
6828	439	4054	4767
6830	439	4054	4767
6832	439	4054	4767
6838	439	4054	4767
6844	439	4054	4767
6846	439	4054	4767
6848	439	4054	4767
6848	439	4054	4767
6850	439	4054	4767
6852	439	4054	4767
6854	439	4054	4767
6858	439	4054	4767
6865	439	4054	4767
6870	439	4054	4767
6872	439	4054	4767
6874	439	4054	4767
6878	439	4054	4767
6882	439	4054	4767
6886	439	4054	4767
6891	439	4054	4767
6898	439	4054	4767
6907	439	4054	4767
6910	439	4054	4767
6912	439	4054	4767
6914	439	4054	4767
6918	439	4054	4767
6922	439	4054	4767
6925	439	4054	4767
6930	439	4054	4767
6934	439	4054	4767
6938	439	4054	4767
6940	439	4054	4767
6942	439	4054	4767
6944	439	4054	4767
6946	4385	4054	4767
6946	4372	4023	4762
6949	4349	3063	4749
6952	432	2866	4749
6952	429	2853	4744
6954	4267	284	4731
6956	4247	2837	4721
6958	421	2836	4721
6960	4186	2832	4721
6965	4169	2832	4711
6970	4138	2828	4705
6972	4082	2812	4705
6974	4025	2805	4705
6978	3953	2784	4705
6980	3876	2773	4705
6984	3763	2754	4697
6987	3657	1931	4681
6988	3541	1734	4681
6990	3419	1661	4681
6992	3321	1642	4659
6994	3147	152	4641
6996	295	1338	4626
6998	279	1272	4605
7004	2624	1269	4566
7010	2468	1058	4408
7011	2349	883	4303
7012	229	835	4067
7014	2267	829	2969
7018	2263	784	2967
7026	2263	784	2967
7032	2263	784	2967
7037	227	784	2967
7043	2278	835	2967
7049	2288	877	2967
7056	2333	977	297
7062	2383	1035	2983
7064	2464	1173	3036
7066	252	1267	3077
7068	2582	14	3107
7070	263	1444	3129
7076	2677	1474	3136
7080	2743	1563	3136
7082	2786	1625	3142
7084	2831	1718	316
7088	287	1804	316
7090	2892	1975	316
7093	2908	2721	316
7096	2918	2739	316
7096	2921	2739	316
7100	2923	2745	316
7104	2926	2746	316
7106	2926	2746	316
7110	2931	2748	316
7114	2931	2754	316
7114	2931	2754	316
7116	2931	2754	316
7118	2931	2754	316
7120	2931	2754	316
7123	2931	2754	316
7126	2931	2754	316
7130	2931	2754	316
7134	2931	2754	316
7134	2931	2754	316
7136	2931	2754	316
7140	2931	2754	316
7143	2931	2754	316
7146	2931	2754	316
7146	2931	2754	316
7150	2931	2754	316
7154	2931	2754	316
7156	2931	2754	316
7156	2931	2754	316
7158	2931	2754	316
7162	2931	2754	316
7168	2931	2754	316
7172	2931	2754	316
7176	2931	2754	316
7182	2931	2754	316
7192	2931	2754	316
7202	2931	2754	316
7208	2931	2754	316
7210	2931	2754	316
7212	2931	2754	316
7214	2931	2754	316
7216	2931	2754	316
7218	2931	2754	316
7222	2931	2754	316
7227	2931	2754	316
7232	2931	2754	316
7236	2931	2754	316
7238	2931	2754	316
7248	2931	2754	316
7260	2931	2754	316
7265	2931	2754	316
7268	2931	2754	316
7272	2931	2754	316
7274	2931	2754	316
7276	2931	2754	316
7280	2931	2754	316
7286	2931	2754	316
7290	2931	2754	316
7292	2931	2754	316
7294	2931	2754	316
7296	2931	2754	316
7300	2931	2754	316
7302	2931	2754	316
7305	2931	2754	316
7308	2931	2754	316
7310	2931	2754	316
7314	2931	2754	316
7318	2931	2754	316
7320	2931	2754	316
7325	2931	2754	316
7330	2931	2754	316
7332	2931	2754	316
7334	2931	2754	316
7336	2931	2754	316
7338	2931	2754	316
7340	2931	2754	316
7342	2931	2754	316
7346	2931	2754	316
7348	2931	2754	316
7352	2931	2754	316
7354	2931	2754	316
7358	2931	2754	316
7360	2931	2754	316
7367	2931	2754	316
7376	2931	2754	316
7378	2931	2754	316
7380	2931	2754	316
7382	2931	2754	316
7387	2931	2754	316
7393	2931	2754	316
7396	2931	2754	316
7398	2931	2754	316
7401	2931	2754	316
7408	2931	2754	316
7416	2931	2754	316
7418	2931	2754	316
7422	2931	2754	316
7430	2931	2754	316
7434	2931	2754	316
7436	2931	2754	316
7438	2931	2754	316
7440	2931	2754	316
7442	2931	2754	316
7443	2931	2754	316
7448	2931	2754	316
7452	2931	2754	316
7457	2931	2754	316
7462	2931	2754	316
7464	2929	2747	316
7466	2927	2747	316
7466	2916	2739	316
7468	2916	2739	316
7470	2915	2739	316
7472	29	2643	316
7473	2876	1604	316
7476	284	154	3136
7478	2764	1459	3125
7480	2634	1414	3116
7484	2448	1388	3106
7490	2162	1355	3103
7496	1971	1324	3069
7498	1826	1298	3005
7502	167	126	2991
7504	1588	1248	2939
7506	1519	1224	2905
7510	1499	1223	2883
7514	1488	1223	2865
7515	1463	1223	1748
7518	145	1223	1674
7522	145	1223	1662
7526	145	1223	1662
7530	145	1223	1662
7532	145	1223	1662
7538	145	1223	1662
7542	145	1223	1662
7544	145	1223	1662
7548	145	1223	1662
7552	145	1223	1662
7560	145	1223	1662
7570	145	1223	1662
7574	145	1223	1662
7578	145	1223	1662
7580	145	1223	1662
7581	145	1223	1662
7586	145	1223	1662
7593	145	1223	1662
7596	145	1223	1662
7596	145	1223	1662
7598	145	1223	1662
7599	145	1223	1662
7601	145	1223	1662
7604	145	1223	1662
7608	145	1223	1662
7612	145	1223	1662
7615	145	1223	1662
7619	145	1223	1662
7622	145	1223	1662
7628	145	1223	1662
7632	1442	119	1662
7634	1438	1189	1654
7638	1432	1163	1654
7640	1423	1106	1651
7641	1412	521	1649
7644	1392	485	1644
7646	1371	422	1632
7647	1342	398	1632
7650	1272	334	1629
7652	1163	279	1617
7653	1056	246	161
7659	906	224	1599
7665	758	164	1566
7666	628	129	1542
7670	494	12	1493
7676	407	106	1449
7686	353	8	1394
7694	324	66	1277
7701	302	55	568
7709	298	49	527
7714	298	49	521
7718	298	49	521
7722	298	49	521
7726	298	49	521
7726	298	49	521
7728	298	49	521
7746	298	49	521
7764	298	49	521
7772	298	49	521
7778	298	49	521
7788	298	49	521
7798	306	49	521
7800	359	49	526
7801	417	49	552
7804	48	49	3317
7806	646	56	3499
7809	1284	61	4014
7810	2454	8	5876
7814	4563	204	7312
7820	5943	1491	102
7825	492	1228	12537
7828	4148	12	9528
7828	353	1187	8611
7830	3027	1183	7489
7831	2514	1171	7041
7833	2309	1169	5849
7834	2136	1168	5624
7836	1909	1142	5457
7838	175	1132	4846
7841	1607	1127	443
7844	1512	1121	3891
7850	143	1118	3514
7856	134	1112	3356
7856	131	1112	3179
7860	1272	1109	1546
7868	126	1106	1411
7874	126	1106	1401
7877	126	1106	1401
7883	126	1106	1401
7888	126	1106	1401
7888	126	1106	1401
7890	126	1106	1401
7892	126	1106	1401
7894	126	1106	1401
7902	126	1106	1401
7908	126	1106	1401
7910	126	1106	1401
7914	126	1106	1401
7955	126	1106	1401
7996	126	1106	1401
8004	126	1106	1401
8016	126	1106	1401
8022	126	1106	1401
8024	126	1106	1401
8025	126	1106	1401
8027	126	1106	1401
8028	126	1106	1401
8030	126	1106	1401
8032	126	1106	1401
8034	126	1106	1401
8042	126	1106	1401
8050	126	1106	1401
8053	126	1106	1401
8056	126	1106	1401
8060	126	1106	1401
8066	126	1106	1401
8068	126	1106	1401
8073	126	1106	1401
8078	126	1106	1401
8078	126	1106	1401
8090	126	1106	1401
8102	126	1106	1401
8103	126	1106	1401
8104	126	1106	1401
8108	126	1106	1401
8114	126	1106	1401
8118	126	1106	1401
8120	126	1106	1401
8122	126	1106	1401
8122	126	1106	1401
8126	126	1106	1401
8156	126	1106	1401
8188	126	1106	1401
8192	1313	1109	1401
8193	1378	1109	1551
8196	1432	1109	3211
8198	1466	1112	3322
8203	1509	1127	333
8210	1681	1129	3382
8214	1957	1142	3427
8216	2347	1156	3466
8220	2706	1198	3479
8224	2929	121	3482
8226	3109	1245	3496
8229	3247	2944	351
8234	327	2983	3512
8238	3291	3012	3514
8242	3291	3012	3514
8246	3291	3012	3514
8246	3291	3012	3514
8248	3291	3012	3514
8252	3291	3012	3514
8257	3291	3012	3514
8260	3291	3012	3514
8262	3291	3012	3514
8265	3291	3012	3514
8268	3291	3012	3514
8268	3291	3012	3514
8273	3291	3012	3514
8278	3291	3012	3514
8280	3291	3012	3514
8282	3291	3012	3514
8286	3291	3012	3514
8290	3291	3012	3514
8290	3291	3012	3514
8292	3291	3012	3514
8298	3291	3012	3514
8306	3291	3012	3514
8308	3291	3012	3514
8308	3291	3012	3514
8314	3291	3012	3514
8318	3291	3012	3514
8320	3291	3012	3514
8322	3291	3012	3514
8324	3291	3012	3514
8324	3291	3012	3514
8330	3291	3012	3514
8334	3291	3012	3514
8336	3291	3012	3514
8340	3291	3012	3514
8344	3291	3012	3514
8347	3291	3012	3514
8348	3291	3012	3514
8352	3291	3012	3514
8358	3291	3012	3514
8362	3291	3012	3514
8368	3291	3012	3514
8374	3291	3012	3514
8376	3291	3012	3514
8379	3291	3012	3514
8380	3291	3012	3514
8382	3291	3012	3514
8385	3291	3012	3514
8388	3291	3012	3514
8390	3291	3012	3514
8393	3291	3012	3514
8398	3291	3012	3514
8402	3291	3012	3514
8406	3291	3012	3514
8408	3291	3012	3514
8410	3291	3012	3514
8412	3291	3012	3514
8414	3291	3012	3514
8417	3291	3012	3514
8420	3291	3012	3514
8422	3291	3012	3514
8426	3291	3012	3514
8428	3291	3012	3514
8430	3291	3012	3514
8434	3291	3012	3514
8438	3291	3012	3514
8440	3291	3012	3514
8444	3291	3012	3514
8446	3291	3012	3514
8448	3291	3012	3514
8452	3291	3012	3514
8454	3291	3012	3514
8456	3291	3012	3514
8458	3291	3012	3514
8460	3291	3012	3514
8462	3291	3012	3514
8464	3291	3012	3514
8468	3291	3012	3514
8474	3289	3008	3514
8476	325	2944	3514
8478	3176	1267	3496
8480	3092	1235	3494
8485	2944	1202	3484
8490	266	1123	3475
8492	2303	1085	3462
8492	1927	106	345
8495	1623	1041	3417
8498	1459	1022	3364
8500	1366	1016	335
8500	1276	101	3329
8505	119	1002	3144
8510	119	1002	1367
8511	119	1002	1367
8512	119	1002	1367
8517	119	1002	1367
8522	119	1002	1367
8524	119	1002	1367
8526	119	1002	1367
8529	119	1002	1367
8532	119	1002	1367
8536	119	1002	1367
8540	119	1002	1367
8545	119	1002	1367
8548	119	1002	1367
8552	119	1002	1367
8556	119	1002	1367
8558	119	1002	1367
8562	119	1002	1367
8566	119	1002	1367
8568	119	1002	1367
8575	1191	1002	1367
8582	1191	1002	1368
8583	1191	1002	1368
8586	1191	1002	1368
8590	1191	1002	1368
8590	1191	1002	1368
8594	1195	101	1368
8600	1202	1018	1374
8606	121	102	1387
8612	1212	1022	1406
8618	1212	1022	1445
8624	1212	1022	1445
8628	1212	1022	1445
8630	1212	1022	1445
8632	1212	1022	1445
8642	1212	1022	1445
8652	1212	1022	1445
8656	1212	1022	1445
8660	1212	1022	1445
8664	1212	1022	1445
8669	1212	1022	1445
8672	1237	1022	1445
8676	1791	1043	148
8680	3654	1082	5388
8684	4916	1227	5832
8688	5096	1292	5978
8688	5156	1338	6021
8691	5267	2118	6032
8696	5292	4577	6079
8702	5314	4746	6081
8705	5323	4756	6081
8708	5327	4766	6081
8708	5334	4778	6081
8712	5341	4787	6081
8716	5341	4787	6081
8718	5349	4791	6081
8721	5352	4791	6081
8723	5364	4805	6081
8724	5364	4805	6083
8729	537	4814	6083
8737	537	4814	6083
8745	537	4814	6083
8753	537	4814	6083
8758	537	4814	6083
8760	537	4814	6083
8760	537	4814	6083
8762	537	4814	6083
8765	537	4814	6083
8770	537	4814	6083
8776	537	4814	6083
8780	537	4814	6083
8783	537	4814	6083
8786	537	4814	6083
8787	537	4814	6083
8796	537	4814	6083
8805	537	4814	6083
8809	537	4814	6083
8812	537	4814	6083
8814	537	4814	6083
8818	537	4814	6083
8823	537	4814	6083
8828	537	4814	6083
8833	537	4814	6083
8836	537	4814	6083
8836	537	4814	6083
8838	537	4814	6083
8844	537	4814	6083
8852	537	4814	6083
8854	537	4814	6083
8858	537	4814	6083
8862	537	4814	6083
8866	537	4814	6083
8869	5362	4805	6083
8872	5327	477	6083
8876	4594	179	6083
8878	3742	1748	591
8880	3067	1698	5824
8882	2483	1675	5744
8886	2028	1666	5478
8889	1937	1658	509
8890	1905	1656	2191
8892	1894	1656	2168
8892	1894	1656	2155
8894	1894	1656	2155
8895	1894	1656	2155
8896	1894	1656	2155
8898	1894	1656	2155
8903	1894	1656	2155
8908	1894	1656	2155
8912	1894	1656	2155
8916	1894	1656	2155
8919	1894	1656	2155
8920	1894	1656	2155
8924	1894	1656	2155
8928	1894	1656	2155
8931	1894	1656	2155
8934	1894	1656	2155
8937	1894	1656	2155
8941	1894	1656	2155
8946	1894	1656	2155
8950	1894	1656	2155
8952	1894	1656	2155
8956	1894	1656	2155
8958	1894	1656	2155
8964	1894	1656	2155
8972	1894	1656	2155
8978	1894	1656	2155
8980	1894	1656	2155
8986	1894	1656	2155
8994	1894	1656	2155
8998	1894	1656	2155
8998	1894	1656	2155
9000	1905	1658	2155
9002	1918	1661	2168
9003	1941	1662	2177
9004	1962	1671	2231
9007	2004	1674	3992
9010	2127	1674	4008
9010	2267	1675	412
9012	2535	1699	4132
9016	2777	1741	4136
9020	3057	1754	4141
9022	3346	1779	4154
9024	3592	1817	416
9027	3767	1855	4164
9029	393	1967	4172
9032	4004	2195	4178
9035	4044	3916	4192
9038	406	3923	4192
9040	4071	3945	4192
9048	4075	3952	4192
9056	4075	3952	4192
9056	4075	3952	4192
9058	4075	3952	4192
9060	4075	3952	4192
9063	4075	3952	4192
9067	4075	3952	4192
9070	4075	3952	4192
9072	4075	3952	4192
9074	4075	3952	4192
9076	4075	3952	4192
9077	4075	3952	4192
9080	4075	3952	4192
9084	4075	3952	4192
9090	4075	3952	4192
9094	4075	3952	4192
9096	4075	3952	4192
9102	4075	3952	4192
9108	4075	3952	4192
9110	4075	3952	4192
9115	4075	3952	4192
9120	4075	3952	4192
9122	4075	3952	4192
9124	4075	3952	4192
9126	4075	3952	4192
9128	4075	3952	4192
9131	4075	3952	4192
9134	4075	3952	4192
9134	4075	3952	4192
9136	4075	3952	4192
9136	4075	3952	4192
9138	4075	3952	4192
9140	4075	3952	4192
9142	4075	3952	4192
9146	4075	3952	4192
9150	4075	3952	4192
9150	4075	3952	4192
9152	4075	3952	4192
9156	4075	3952	4192
9162	4075	3952	4192
9164	4075	3952	4192
9164	4075	3952	4192
9168	4075	3952	4192
9172	4075	3952	4192
9174	4075	3952	4192
9178	4075	3952	4192
9186	4075	3952	4192
9194	4075	3952	4192
9196	4075	3952	4192
9198	4075	3952	4192
9202	4075	3952	4192
9208	4075	3952	4192
9212	4075	3952	4192
9216	4075	3952	4192
9220	4075	3952	4192
9226	4075	3952	4192
9230	4075	3952	4192
9232	4075	3952	4192
9238	4075	3952	4192
9240	4075	3952	4192
9242	4075	3952	4192
9246	4075	3952	4192
9248	4075	3952	4192
9248	4075	3952	4192
9250	4075	3952	4192
9252	4075	3952	4192
9256	4075	3952	4192
9258	4075	3952	4192
9260	4075	3952	4192
9262	4075	3952	4192
9266	4075	3952	4192
9270	4075	3952	4192
9274	4075	3952	4192
9278	4075	3952	4192
9280	4075	3952	4192
9283	4075	3952	4192
9286	4075	3952	4192
9290	4075	3952	4192
9296	4075	3952	4192
9298	4075	3952	4192
9302	4075	3952	4192
9308	4075	3952	4192
9310	4075	3952	4192
9312	4075	3952	4192
9316	4075	3952	4192
9320	4075	3952	4192
9322	4075	3952	4192
9326	4075	3952	4192
9328	4075	3952	4192
9331	4075	3952	4192
9334	4075	3952	4192
9336	4075	3952	4192
9336	4075	3952	4192
9340	4075	3952	4192
9344	4075	3952	4192
9346	4075	3952	4192
9352	4075	3952	4192
9360	4075	3952	4192
9368	4075	3952	4192
9370	4075	3952	4192
9372	4075	3952	4192
9376	4075	3952	4192
9380	4075	3952	4192
9384	4075	3952	4192
9388	4075	3952	4192
9390	4075	3952	4192
9393	4075	3952	4192
9396	4075	3952	4192
9400	4075	3952	4192
9404	4075	3952	4192
9407	4075	3952	4192
9411	4075	3952	4192
9415	4075	3952	4192
9418	4075	3952	4192
9423	4075	3952	4192
9428	4075	3952	4192
9430	4075	3952	4192
9432	4075	3952	4192
9434	4075	3952	4192
9436	4075	3952	4192
9444	4075	3952	4192
9455	4075	3952	4192
9460	4075	3952	4192
9464	4075	3952	4192
9466	4075	3952	4192
9469	4075	3952	4192
9470	4075	3952	4192
9472	4075	3952	4192
9474	4075	3952	4192
9476	4075	3952	4192
9482	4075	3952	4192
9490	4075	3952	4192
9497	4075	3952	4192
9500	4075	3952	4192
9502	4075	3952	4192
9504	4075	3952	4192
9510	4075	3952	4192
9514	4075	3952	4192
9518	4075	3952	4192
9524	4075	3952	4192
9526	4075	3952	4192
9528	4075	3952	4192
9530	4075	3952	4192
9532	4075	3952	4192
9534	4075	3952	4192
9539	4075	3952	4192
9544	4075	3952	4192
9546	4075	3952	4192
9548	4075	3952	4192
9553	4075	3952	4192
9557	4075	3952	4192
9558	4075	3952	4192
9560	4075	3952	4192
9562	4075	3952	4192
9566	4075	3952	4192
9571	4075	3952	4192
9576	4075	3952	4192
9578	4075	3952	4192
9582	4075	3952	4192
9589	4075	3952	4192
9592	4075	3952	4192
9596	4075	3952	4192
9600	4075	3952	4192
9600	4075	3952	4192
9602	4075	3952	4192
9606	4075	3952	4192
9608	4075	3952	4192
9610	4075	3952	4192
9614	4075	3952	4192
9618	4075	3952	4192
9622	4075	3952	4192
9626	4075	3952	4192
9628	4075	3952	4192
9632	4075	3952	4192
9636	4075	3952	4192
9640	4075	3952	4192
9643	4075	3952	4192
9646	4075	3952	4192
9651	4075	3952	4192
9655	4075	3952	4192
9658	4074	3945	4192
9664	4071	3942	4182
9666	4069	3917	4174
9671	4066	3916	4172
9676	4066	3916	417
9683	4066	3916	417
9692	4066	3916	417
9695	4066	3916	417
9698	4066	3916	417
9700	4066	3916	417
9702	4066	3916	417
9707	4066	3916	417
9713	4066	3916	417
9718	4066	3916	417
9720	4066	3908	417
9722	4066	3908	417
9723	4066	3908	417
9726	4066	3908	417
9731	4066	3908	417
9738	4066	3908	417
9742	4066	3908	417
9746	4066	3908	417
9750	4066	3908	417
9752	4066	3908	417
9754	4066	3908	417
9756	4066	3908	417
9758	4066	3908	417
9762	4066	3908	417
9764	4066	3908	417
9766	4066	3908	417
9770	4066	3908	417
9776	4066	3908	417
9781	4066	3908	417
9786	4066	3908	417
9790	4066	3908	417
9792	4066	3908	417
9792	4066	3908	417
9794	4066	3908	417
9798	4066	3908	417
9802	4066	3908	417
9804	4066	3908	417
9807	4066	3908	417
9810	4066	3908	417
9812	4066	3908	417
9814	4066	3908	417
9816	4066	3908	417
9818	4066	3908	417
9824	4066	3908	417
9832	4066	3908	417
9842	4066	3908	417
9852	4066	3908	417
9856	4066	3908	417
9858	4066	3908	417
9862	4066	3908	417
9866	4066	3908	417
9869	4066	3908	417
9870	4066	3908	417
9872	4066	3908	417
9874	4066	3908	417
9876	4066	3908	417
9880	4066	3908	417
9889	4066	3908	417
9896	4066	3908	417
9898	4066	3908	417
9906	4066	3908	417
9914	4066	3908	417
9916	4066	3908	417
9918	4066	3908	417
9920	4066	3908	417
9922	4066	3908	417
9923	4066	3908	417
9924	4066	3908	417
9926	4066	3908	417
9928	4066	3908	417
9932	4066	3908	417
9936	4066	3908	417
9938	4066	3908	417
9938	4066	3908	417
9942	4066	3908	417
9947	4066	3908	417
9950	4066	3908	417
9952	4066	3908	417
9958	4066	3908	417
9965	4066	3908	417
9972	4066	3908	417
9976	4066	3908	417
9979	4066	3908	417
9986	4065	3908	417
9991	4065	3908	417
9992	4064	3908	4169
9996	4064	3908	4168
9999	4064	3908	4168
10002	4064	3908	4168
10004	4064	3908	4168
10008	4064	3908	4168
10012	4064	3908	4168
10014	4064	3908	4168
10020	4064	3908	4168
10024	4064	3908	4168
10026	4064	3908	4168
10030	4064	3908	4168
10032	4064	3908	4168
10034	4064	3908	4168
10040	4064	3908	4168
10044	4064	3908	4168
10047	4064	3908	4168
10051	4064	3908	4168
10054	4064	3908	4168
10059	4064	3908	4168
10062	4064	3908	4168
10064	4064	3908	4168
10068	4064	3908	4168
10070	4064	3908	4168
10072	4064	3908	4168
10076	4064	3908	4168
10082	4064	3908	4168
10084	4064	3908	4168
10088	4064	3908	4168
10098	4064	3908	4168
10109	4064	3908	4168
10114	4064	3908	4168
10117	4064	3908	4168
10122	4064	3908	4168
10128	4064	3908	4168
10133	4064	3908	4168
10136	4064	3908	4168
10142	4064	3908	4168
10148	4064	3908	4168
10150	4064	3908	4168
10154	4064	3908	4168
10158	4064	3908	4168
10160	4064	3908	4168
10162	4064	3908	4168
10166	4064	3908	4168
10171	4064	3908	4168
10174	4064	3908	4168
10176	4064	3908	4168
10178	4064	3908	4168
10180	4064	3908	4168
10182	4064	3908	4168
10184	4064	3908	4168
10185	4064	3908	4168
10186	4064	3908	4168
10188	4064	3908	4168
10190	4064	3908	4168
10194	4064	3908	4168
10196	4064	3908	4168
10198	4064	3908	4168
10199	4064	3908	4168
10202	4064	3908	4168
10206	4064	3908	4168
10214	4064	3908	4168
10219	4064	3908	4168
10220	4064	3908	4168
10222	4064	3908	4168
10223	4064	3908	4168
10230	4064	3908	4168
10237	4064	3908	4168
10238	4064	3908	4168
10240	4064	3908	4168
10242	4064	3908	4168
10244	4064	3908	4168
10246	4064	3908	4168
10246	4064	3908	4168
10248	4064	3908	4168
10249	4064	3908	4168
10250	4064	3908	4168
10252	4064	3908	4168
10253	4064	3908	4168
10256	4064	3908	4168
10260	4064	3908	4168
10264	4064	3908	4168
10264	4064	3908	4168
10268	4064	3908	4168
10270	4064	3908	4168
10272	4064	3908	4168
10276	4064	3908	4168
10280	4064	3908	4168
10284	4064	3908	4168
10286	4064	3908	4168
10288	4064	3908	4168
10291	4064	3908	4168
10296	4064	3908	4168
10300	4064	3908	4168
10303	4064	3908	4168
10307	4064	3908	4168
10310	4064	3908	4168
10314	4064	3908	4168
10322	4064	3908	4168
10329	4064	3908	4168
10333	4064	3908	4168
10336	4064	3908	4168
10338	4064	3908	4168
10340	4064	3908	4168
10342	4064	3908	4168
10344	4064	3908	4168
10348	4064	3908	4168
10350	4064	3908	4168
10352	4064	3908	4168
10354	4064	3908	4168
10354	4064	3908	4168
10356	4064	3908	4168
10358	4064	3908	4168
10360	4064	3908	4168
10366	4064	3908	4168
10373	4064	3908	4168
10378	4064	3908	4168
10383	4064	3908	4168
10386	4064	3908	4168
10395	4064	3908	4168
10405	4064	3908	4168
10409	4064	3908	4168
10414	4064	3908	4168
10418	4064	3908	4168
10424	4064	3908	4168
10428	4064	3908	4168
10432	4064	3908	4168
10436	4064	3908	4168
10439	4064	3908	4168
10440	4064	3908	4168
10442	4064	3908	4168
10443	4064	3908	4168
10444	4064	3908	4168
10446	4064	3908	4168
10450	4064	3908	4168
10454	4047	3845	4168
10458	397	2143	4168
10462	3917	2114	4168
10466	3754	2042	4167
10472	3639	2031	4161
10478	3524	2022	4156
10481	3402	1986	4154
10484	3217	1985	4141
10486	2987	197	4137
10490	2747	1959	4134
10492	2544	1941	4129
10497	2356	1936	4118
10502	2262	1936	4107
10504	2168	1934	4088
10508	2147	1924	2341
10510	2136	1924	2317
10514	2134	1924	2317
10516	2134	1924	2308
10520	213	1924	2308
10524	2128	1924	2308
10528	2128	1924	2308
10534	2128	1924	2308
10538	2128	1924	2308
10540	2128	1924	2308
10544	2128	1924	2308
10546	2128	1924	2308
10548	2128	1924	2308
10550	2128	1924	2308
10555	2128	1924	2308
10561	2128	1924	2308
10567	2128	1924	2308
10570	2128	1924	2308
10572	2128	1924	2308
10576	2128	1924	2308
10581	2128	1924	2308
10586	2128	1924	2308
10592	2128	1924	2308
10596	2128	1924	2308
10602	2128	1924	2308
10605	2128	1924	2308
10607	2128	1924	2308
10612	2128	1924	2308
10616	2128	1924	2308
10618	2128	1924	2308
10618	2128	1924	2308
10620	2128	1924	2308
10623	2128	1924	2308
10624	2128	1924	2308
10626	2128	1924	2308
10628	2128	1924	2308
10632	2128	1924	2308
10638	2128	1924	2308
10646	2128	1924	2308
10650	2128	1924	2308
10655	2128	1924	2308
10656	2128	1924	2308
10658	2128	1924	2308
10661	2128	1924	2308
10664	2128	1924	2308
10666	2128	1924	2308
10673	2128	1924	2308
10678	2128	1924	2308
10681	2128	1924	2308
10684	2128	1924	2308
10686	2128	1924	2308
10690	2128	1924	2308
10690	2128	1924	2308
10692	2129	1924	2308
10694	2129	1924	2308
10696	2129	1924	2308
10698	2129	1924	2308
10706	2129	1924	2308
10716	2129	1924	2308
10720	2129	1924	2308
10724	2129	1924	2308
10728	2129	1924	2308
10730	2129	1924	2308
10734	2129	1924	2308
10739	2129	1924	2308
10744	2129	1924	2308
10746	2129	1924	2308
10746	213	1928	2308
10748	213	1928	2317
10752	213	1928	2317
10756	2131	193	2317
10760	2131	193	2317
10764	2131	193	2317
10773	2131	193	2317
10780	2131	193	2317
10786	2132	193	2317
10792	214	193	2317
10794	2166	193	2325
10796	2201	1934	2642
10799	2262	1941	3369
10800	2323	1974	3787
10804	243	1994	3958
10808	2459	2003	4327
10810	2471	2004	448
10812	2476	2004	4567
10816	2476	2004	4567
10818	2476	2004	4567
10820	2476	2004	4567
10822	2476	2004	4567
10824	2468	2003	4567
10824	2468	2003	4502
10826	2452	1998	4502
10833	2361	1172	4414
10839	2031	109	4122
10841	1808	8	3746
10842	1563	75	3444
10844	1343	63	2346
10848	1156	62	2284
10852	995	6	2256
10856	87	48	2237
10858	775	38	22
10860	717	3	2145
10862	652	3	2104
10866	631	28	1473
10876	61	28	1271
10886	61	28	1231
10892	61	28	1231
10900	758	38	1231
10904	1309	87	3077
10906	1771	252	3194
10912	2032	412	3204
10916	2296	528	3206
10917	2502	696	3216
10922	2724	823	3224
10926	2888	886	324
10926	3015	1141	3284
10930	3087	2957	3289
10934	3106	2966	3289
10938	3115	2983	3289
10942	3117	2983	3291
10946	3117	2983	3291
10948	3117	2983	3291
10952	3117	2983	3291
10954	3117	2983	3291
10956	3117	2983	3291
10960	3117	2983	3291
10962	3117	2983	3291
10964	3117	2983	3291
10967	3117	2983	3291
10970	3117	2983	3291
10974	3117	2983	3291
10976	3117	2983	3291
10977	3117	2983	3291
10978	3117	2983	3291
10983	3117	2983	3291
10988	3117	2983	3291
10990	3117	2983	3291
10993	3117	2983	3291
10996	3117	2983	3291
11000	3117	2983	3291
11004	3117	2983	3291
11006	3117	2983	3291
11008	3117	2983	3291
11011	3117	2983	3291
11015	3117	2983	3291
11018	3117	2983	3291
11024	3117	2983	3291
11032	3117	2983	3291
11034	3117	2983	3291
11036	3117	2983	3291
11037	3117	2983	3291
11039	3117	2983	3291
11042	3117	2983	3291
11044	3117	2983	3291
11046	3117	2983	3291
11047	3117	2983	3291
11050	3117	2983	3291
11052	3117	2983	3291
11054	3117	2983	3291
11056	3117	2983	3291
11061	3117	2983	3291
11066	3117	2983	3291
11067	3117	2983	3291
11070	3117	2983	3291
11074	3117	2983	3291
11077	3117	2983	3291
11082	3117	2983	3291
11086	3117	2983	3291
11088	3117	2983	3291
11090	3117	2983	3291
11092	3117	2983	3291
11096	3117	2983	3291
11101	3117	2983	3291
11106	3117	2983	3291
11110	3117	2983	3291
11112	3117	2983	3291
11114	3117	2983	3291
11116	3117	2983	3291
11120	3117	2983	3291
11122	3117	2983	3291
11122	3117	2983	3291
11124	3117	2983	3291
11126	3117	2983	3291
11128	3117	2983	3291
11131	3117	2983	3291
11134	3117	2983	3291
11138	3117	2983	3291
11138	3117	2983	3291
11140	3117	2983	3291
11140	3117	2983	3291
11142	3117	2983	3291
11146	3117	2983	3291
11148	3117	2983	3291
11150	3117	2983	3291
11152	3117	2983	3291
11154	3117	2983	3291
11156	3117	2983	3291
11157	3117	2983	3291
11161	3117	2983	3291
11166	3117	2983	3291
11168	3117	2983	3291
11170	3117	2983	3291
11172	3117	2983	3291
11174	3117	2983	3291
11174	3117	2983	3291
11176	3117	2983	3291
11176	3117	2983	3291
11180	3117	2983	3291
11182	3117	2983	3291
11189	3117	2983	3291
11196	3117	2983	3291
11199	3117	2983	3291
11204	3117	2983	3291
11211	3117	2983	3291
11216	3117	2983	3291
11218	3117	2983	3291
11220	3117	2983	3291
11222	3117	2983	3291
11222	3117	2983	3291
11224	3117	2983	3291
11226	3117	2983	3291
11228	3117	2983	3291
11232	3117	2983	3291
11238	3117	2983	3291
11248	3117	2983	3291
11255	3117	2983	3291
11258	3117	2983	3291
11258	3117	2983	3291
11260	3117	2983	3291
11265	3117	2983	3291
11270	3117	2983	3291
11274	3117	2983	3291
11276	3117	2983	3291
11278	3117	2983	3291
11280	3117	2983	3291
11286	3117	2983	3291
11292	3117	2983	3291
11296	3117	2983	3291
11302	3117	2983	3291
11308	3117	2983	3291
11313	3117	2983	3291
11316	3117	2983	3291
11316	3117	2983	3291
11318	3117	2983	3291
11319	3117	2983	3291
11320	3117	2983	3291
11322	3117	2983	3291
11326	3117	2983	3291
11334	3117	2983	3291
11341	3117	2983	3291
11347	3117	2983	3291
11352	3117	2983	3291
11354	3117	2983	3291
11354	3117	2983	3291
11356	3117	2983	3291
11360	3117	2983	3291
11364	3117	2983	3291
11364	3117	2983	3291
11366	3117	2983	3291
11368	3117	2983	3291
11370	3117	2983	3291
11372	3117	2983	3291
11375	3117	2983	3291
11378	3117	2983	3291
11378	3117	2983	3291
11380	3117	2983	3291
11383	3117	2983	3291
11387	3117	2983	3291
11390	3117	2983	3291
11390	3117	2983	3291
11392	3117	2983	3291
11396	3117	2983	3291
11401	3117	2983	3291
11406	3117	2983	3291
11410	3117	2983	3291
11412	3117	2983	3291
11418	3117	2983	3291
11422	3117	2983	3291
11424	3117	2983	3291
11426	3117	2983	3291
11426	3117	2983	3291
11428	3117	2983	3291
11432	3117	2983	3291
11436	3117	2983	3291
11440	3117	2983	3291
11442	3117	2983	3291
11444	3117	2983	3291
11445	3117	2983	3291
11446	3117	2983	3291
11448	3117	2983	3291
11450	3117	2983	3291
11452	3117	2983	3291
11455	3117	2983	3291
11458	3117	2983	3291
11461	3117	2983	3291
11465	3117	2983	3291
11466	3117	2983	3291
11468	3117	2983	3291
11472	3117	2983	3291
11474	3116	2983	3291
11476	3109	2966	3291
11478	3089	2933	3291
11478	3069	1782	3291
11480	3021	1708	3291
11480	297	165	3291
11482	2924	1628	3291
11484	2869	1556	3291
11486	2783	15	3291
11490	2709	1466	3291
11492	2612	1418	3291
11493	2527	1372	3289
11494	2463	1312	3286
11496	2412	128	3283
11498	2356	1259	3277
11500	2296	1214	3229
11504	2199	1125	3218
11513	1755	814	321
11520	1434	287	3204
11522	1306	164	3102
11525	1237	147	305
11526	1222	147	1844
11528	1213	147	1828
11530	1208	147	1816
11532	1208	147	1809
11536	1208	147	1809
11540	1208	147	1809
11543	1208	147	1809
11546	1208	147	1809
11550	1208	147	1809
11554	1208	147	1809
11556	1208	147	1809
11558	1208	147	1809
11562	1208	147	1809
11564	1212	156	1809
11566	1219	163	1812
11568	1243	184	1822
11569	1289	212	1844
11572	1404	303	3093
11574	1603	451	3303
11576	184	574	336
11576	2078	738	3426
11578	2219	849	3461
11580	2374	1166	3472
11585	2462	1221	3484
11588	2588	1284	3488
11590	2749	1357	3501
11592	2881	1398	3513
11592	3017	1458	3531
11594	3152	1622	3535
11596	3246	1717	3535
11598	3291	3068	3535
11602	3312	3093	3538
11606	3313	3093	3538
11610	3313	3093	3538
11614	3313	3093	3538
11617	3313	3093	3538
11620	3313	3093	3538
11622	3313	3093	3538
11626	3313	3093	3538
11628	3313	3093	3538
11630	3313	3093	3538
11632	3313	3093	3538
11636	3313	3093	3538
11640	3313	3093	3538
11644	3313	3093	3538
11644	3313	3093	3538
11646	3313	3093	3538
11652	3313	3093	3538
11657	3313	3093	3538
11660	3313	3093	3538
11665	3313	3093	3538
11669	3313	3093	3538
11672	3313	3093	3538
11677	3313	3093	3538
11680	3313	3093	3538
11683	3313	3093	3538
11694	3313	3093	3538
11704	3313	3093	3538
11706	3313	3093	3538
11706	3313	3093	3538
11708	3313	3093	3538
11710	3313	3093	3538
11713	3313	3093	3538
11722	3313	3093	3538
11728	3313	3093	3538
11730	3313	3093	3538
11734	3313	3093	3538
11738	3313	3093	3538
11740	3313	3093	3538
11740	3313	3093	3538
11742	3313	3093	3538
11742	3313	3093	3538
11750	3313	3093	3538
11756	3313	3093	3538
11760	3313	3093	3538
11764	3313	3093	3538
11766	3313	3093	3538
11768	3313	3093	3538
11768	3313	3093	3538
11770	3313	3093	3538
11772	3313	3093	3538
11774	3313	3093	3538
11776	3313	3093	3538
11785	3313	3093	3538
11794	3313	3093	3538
11802	3313	3093	3538
11810	3313	3093	3538
11812	3313	3093	3538
11814	3313	3093	3538
11818	3313	3093	3538
11820	3313	3093	3538
11822	3313	3093	3538
11826	3313	3093	3538
11830	3313	3093	3538
11832	3313	3093	3538
11836	3313	3093	3538
11840	3313	3093	3538
11842	3313	3093	3538
11848	3313	3093	3538
11853	3313	3093	3538
11854	3313	3093	3538
11856	3313	3093	3538
11857	3313	3093	3538
11858	3313	3093	3538
11860	3313	3093	3538
11860	3313	3093	3538
11862	3313	3093	3538
11863	3313	3093	3538
11866	3313	3093	3538
11868	3313	3093	3538
11872	3313	3093	3538
11876	3313	3093	3538
11881	3313	3093	3538
11888	3313	3093	3538
11892	3313	3093	3538
11894	3313	3093	3538
11896	3313	3093	3538
11901	3313	3093	3538
11906	3313	3093	3538
11909	3313	3093	3538
11911	3313	3093	3538
11913	3313	3093	3538
11914	3313	3093	3538
11917	3313	3093	3538
11920	3313	3093	3538
11922	3313	3093	3538
11926	3313	3093	3538
11929	3313	3093	3538
11930	3313	3093	3538
11934	3313	3093	3538
11938	3313	3093	3538
11942	3313	3093	3538
11947	3313	3093	3538
11950	3313	3093	3538
11954	3313	3093	3538
11956	3313	3093	3538
11962	3313	3093	3538
11970	3313	3093	3538
11976	3313	3093	3538
11984	3313	3093	3538
11990	3313	3093	3538
11991	3313	3093	3538
11996	3313	3093	3538
12002	3313	3093	3538
12003	3313	3093	3538
12010	3313	3093	3538
12016	3313	3093	3538
12020	3313	3093	3538
12022	3313	3093	3538
12027	3313	3093	3538
12032	3313	3093	3538
12034	3313	3093	3538
12036	3313	3093	3538
12040	3313	3093	3538
12046	3313	3093	3538
12054	3313	3093	3538
12062	3313	3093	3538
12067	3313	3093	3538
12070	3313	3093	3538
12072	3313	3093	3538
12076	3313	3093	3538
12079	3313	3093	3538
12081	3313	3093	3538
12082	3313	3093	3538
12084	332	3093	3538
12090	332	3093	3538
12096	3334	3093	3538
12100	3345	3093	3549
12106	3345	3093	3563
12106	3353	3093	3563
12108	3357	3093	3566
12112	3374	3093	3567
12120	3403	3093	3576
12126	3564	3093	3619
12128	3854	3096	7109
12129	4295	3109	7596
12130	4781	3136	7784
12132	5236	3174	787
12138	5709	322	8029
12143	6252	3232	8058
12144	6828	328	8108
12146	7171	3378	828
12150	7304	6079	8347
12152	7328	6328	836
12154	7333	6391	836
12158	7372	6465	836
12166	7409	65	8361
12170	7409	65	8411
12174	7409	65	8411
12176	7409	65	8411
12178	7409	65	8411
12181	7409	65	8411
12182	7409	65	8411
12184	7409	65	8411
12192	7409	65	8411
12200	7409	65	8411
12202	7409	65	8411
12204	7409	65	8411
12204	7409	65	8411
12206	7409	65	8411
12208	7409	65	8411
12210	7409	65	8411
12212	7409	65	8411
12213	7409	65	8411
12215	7409	65	8411
12219	7409	65	8411
12224	7409	65	8411
12228	7409	65	8411
12229	7409	65	8411
12236	7409	65	8411
12244	7409	65	8411
12248	7409	65	8411
12250	7409	65	8411
12253	7409	65	8411
12256	7409	65	8411
12260	7409	65	8411
12266	7409	65	8411
12268	7409	65	8411
12270	7409	65	8411
12272	7409	65	8411
12274	7409	65	8411
12276	7402	6488	8411
12278	7338	645	8393
12279	7292	6309	8393
12282	7133	2205	8381
12284	6886	1961	836
12288	6299	1804	8325
12292	5374	1674	8076
12294	4403	1644	7909
12298	3756	1592	7781
12300	3203	1509	7757
12302	2622	1452	7736
12312	1876	1293	748
12320	1871	1293	2347
12322	1871	1293	2347
12326	1871	1293	2347
12330	1871	1293	2347
12333	1871	1293	2347
12339	1871	1293	2347
12342	1871	1293	2347
12348	1871	1293	2347
12352	187	1293	2347
12356	187	1293	2347
12360	187	1293	2347
12364	187	1293	2347
12367	187	1293	2347
12370	187	1293	2347
12372	187	1293	2347
12376	187	1293	2347
12380	187	1293	2347
12382	187	1293	2347
12387	187	1293	2347
12393	187	1293	2347
12394	187	1293	2347
12396	187	1293	2347
12396	187	1293	2347
12398	187	1293	2347
12402	187	1293	2347
12404	187	1293	2347
12412	187	1293	2347
12418	1874	1293	2347
12422	1886	1293	2347
12430	1949	1293	2367
12438	5128	1462	2495
12440	10879	1518	21712
12442	8324	7726	43388
12442	13016	427	919
12444	7182	374	74576
12446	5155	32	31438
12448	268	279	2497
12450	1955	248	15313
12452	1546	174	12745
12454	124	174	9758
12462	1006	15	7158
12466	944	149	1367
12470	9	149	1327
12476	9	149	1312
12480	9	149	1312
12484	9	149	1312
12490	9	149	1312
12494	9	149	1312
12495	9	149	1312
12498	9	149	1312
12504	9	149	1312
12520	9	149	1312
12536	939	174	1312
12537	1004	277	1384
12541	1055	417	1479
12552	112	538	1486
12564	1148	641	1498
12570	1157	662	1508
12572	1167	707	1509
12574	1173	743	1517
12578	1185	769	1518
12580	1189	777	1534
12584	1198	787	1534
12586	1202	787	1544
12588	1209	805	1544
12592	1214	812	1544
12598	1215	812	155
12598	1216	816	155
12600	1216	816	155
12604	1216	816	155
12608	1216	816	155
12608	1216	816	155
12610	1216	816	155
12613	1216	816	155
12616	1216	816	155
12622	1218	816	155
12633	1222	816	155
12640	1308	818	1557
12642	1378	848	23
12644	1472	86	3532
12646	1582	879	4999
12647	1741	911	5458
12650	1837	917	6104
12652	1993	918	6346
12654	2212	936	6855
12656	2754	956	8683
12658	3388	1123	119
12661	257	1018	19841
12669	1397	954	10711
12678	1273	937	368
12682	1273	937	1567
12684	1269	937	1567
12686	1264	925	1561
12692	126	925	1557
12700	1258	925	1556
12702	1256	925	155
12702	1256	925	155
12704	1256	925	155
12706	1256	925	155
12742	1256	925	155
12780	1256	925	155
12786	1256	925	155
12791	1256	925	155
12796	1272	925	155
12798	1301	937	1556
12801	1319	937	1563
12804	1605	94	1571
12806	2031	962	7422
12806	2693	963	8891
12808	4051	965	10582
12810	10368	995	13108
12811	11417	1188	7847
12814	12665	272	3528
12816	7926	2109	34759
12818	6408	2046	16721
12820	5569	2042	1466
12820	4758	2032	14039
12824	3489	1943	12655
12828	304	1847	9111
12830	2705	1811	7908
12834	2577	1791	3004
12838	2577	1791	2969
12840	2577	1791	2969
12841	2577	1791	2969
12844	2577	1791	2969
12846	2577	1791	2969
12851	2577	1791	2969
12856	2577	1791	2969
12865	2577	1791	2969
12874	2577	1791	2969
12876	2577	1791	2969
12876	2577	1791	2969
12878	2577	1791	2969
12880	2577	1791	2969
12883	2577	1791	2969
12886	2577	1791	2969
12890	2577	1791	2969
12894	2577	1791	2969
12899	2577	1791	2969
12902	2577	1791	2969
12902	2577	1791	2969
12910	2577	1791	2969
12924	2592	1804	2969
12932	2629	1813	2991
12932	2676	1825	3129
12934	2728	1864	3241
12934	2771	1917	3311
12936	2811	197	3328
12938	2851	2071	3341
12942	2887	2601	3368
12946	2893	2607	3435
12952	2897	2609	3447
12956	2897	2609	3459
12957	2897	2609	3459
12958	2897	2609	3459
12960	2897	2609	3459
12962	2897	2609	3459
12966	2897	2609	3459
12968	2897	2609	3459
12970	2897	2609	3459
12972	2897	2609	3459
12974	2898	2611	3459
12974	2898	2611	3459
12976	2899	2612	3459
12979	2899	2612	3459
12982	2899	2612	3459
12982	2899	2612	3459
12988	2899	2612	3459
12993	2899	2612	3459
12994	2899	2612	3459
12998	2899	2612	3459
13002	2899	2612	3459
13004	2899	2612	3459
13007	2899	2612	3459
13014	2899	2612	3459
13022	2899	2612	3459
13028	2899	2612	3459
13030	2899	2612	3459
13035	2899	2612	3459
13040	2899	2612	3459
13042	2899	2612	3459
13046	2899	2612	3459
13052	2899	2612	3459
13056	2899	2612	3459
13064	2899	2612	3459
13070	2899	2612	3459
13072	2899	2612	3459
13074	2899	2612	3459
13076	2899	2612	3459
13078	2899	2612	3459
13080	2899	2612	3459
13082	2899	2612	3459
13085	2899	2612	3459
13086	2899	2612	3459
13088	2899	2612	3459
13092	2899	2612	3459
13096	2899	2612	3459
13104	2899	2612	3459
13110	2899	2612	3459
13112	2899	2612	3459
13114	2899	2612	3459
13114	2899	2612	3459
13118	2899	2612	3459
13123	2899	2612	3459
13128	2899	2612	3459
13134	2895	2609	3459
13136	2889	2603	3459
13138	2872	2579	3459
13142	2862	2002	3459
13144	2842	1965	3447
13148	2824	1953	3416
13152	2789	1915	3368
13156	2753	1883	3333
13160	2713	1871	3328
13165	2652	1861	3202
13168	2595	1821	3192
13172	2544	1804	3168
13174	2473	1781	3113
13175	2428	1776	3026
13176	239	1762	2994
13182	2355	1742	2993
13186	2304	1735	2991
13189	2221	1727	2991
13195	2121	167	2955
13201	204	1664	2885
13204	1972	1632	2853
13204	1939	1629	2833
13206	1906	1629	2767
13208	1887	1626	2728
13211	1873	1616	2707
13214	1866	1616	2067
13216	1856	1616	2049
13221	1856	1616	2041
13227	1857	1616	2041
13232	1857	1616	2036
13234	1857	1616	2036
13236	1857	1616	2036
13238	1857	1616	2036
13242	1857	1616	2036
13246	1857	1616	2036
13248	1858	162	2036
13258	186	1626	2041
13266	1863	1629	2043
13269	1866	1632	2043
13272	1867	1632	2046
13274	1867	1632	2048
13278	1867	1632	2048
13280	1867	1632	2048
13282	1867	1632	2048
13284	1867	1632	2048
13286	1867	1632	2048
13288	1867	1632	2048
13292	1867	1649	2048
13293	1867	1649	2048
13294	1869	1651	2048
13296	1871	1657	2048
13298	1871	1657	2049
13300	1871	1657	2049
13304	1871	1657	2049
13306	1871	1657	2049
13308	1871	1657	2049
13312	1871	1657	2049
13316	1871	1657	2049
13321	1871	1657	2049
13326	1871	1657	2049
13328	1871	1657	2049
13329	1871	1657	2049
13333	1871	1657	2049
13336	1871	1657	2049
13338	1871	1657	2049
13338	1871	1657	2049
13340	1871	1657	2049
13342	1871	1657	2049
13345	1871	1657	2049
13348	1871	1657	2049
13350	1871	1657	2049
13352	1871	1657	2049
13356	1871	1657	2049
13362	1871	1657	2049
13365	1871	1657	2049
13370	1871	1657	2049
13374	1867	1649	2049
13380	1859	162	2049
13386	1665	702	2049
13386	1461	671	2045
13392	1203	656	2022
13401	974	648	1985
13408	84	638	1915
13414	792	638	1868
13418	761	638	1771
13422	76	638	931
13450	76	638	931
13478	76	638	931
13482	76	638	931
13486	76	638	931
13488	76	638	931
13490	76	638	931
13494	76	638	931
13495	76	638	931
13496	76	638	931
13499	76	638	931
13502	76	638	931
13504	76	638	931
13510	76	638	931
13514	76	638	931
13516	76	638	931
13518	76	638	931
13520	76	638	931
13520	76	638	931
13522	76	638	931
13525	76	638	931
13526	76	638	931
13528	76	638	931
13528	76	638	931
13548	76	638	931
13570	76	638	931
13573	76	638	931
13578	76	638	931
13582	76	638	931
13588	76	638	931
13594	76	638	931
13594	76	638	931
13600	76	638	931
13609	76	638	931
13616	76	638	931
13622	76	638	931
13628	76	638	931
13634	76	638	931
13638	76	638	931
13648	76	638	931
13658	76	638	931
13681	76	638	931
13708	788	638	931
13714	99	648	948
13716	1252	648	335
13719	1725	662	3591
13722	2204	677	39
13724	2592	69	4251
13726	3082	708	4395
13729	3901	926	4975
13732	3799	2245	9775
13735	3667	2056	6604
13737	3651	2056	5498
13738	3631	2056	5493
13741	3607	2056	5374
13744	3573	2053	5264
13746	3558	2056	5098
13748	3552	2056	5032
13752	3541	205	5032
13756	3541	205	5032
13760	3533	2028	5032
13763	3528	2018	5031
13768	3473	1957	5031
13770	3375	1904	4954
13772	3271	1839	4929
13774	3182	1832	4828
13777	3074	1797	4591
13780	2958	1784	4421
13784	2846	1781	4269
13788	2698	1768	4092
13792	2584	1763	3903
13796	2504	175	3747
13798	2426	1742	3692
13802	2383	1732	3608
13805	2316	1721	3596
13808	2277	172	3527
13810	2246	1708	3443
13813	2208	1695	3429
13815	2168	1688	3399
13818	2129	1687	3376
13826	2098	1687	3284
13834	2064	1671	3198
13836	2027	1644	3141
13838	1979	1638	3101
13840	1936	1623	3031
13848	1892	1617	2928
13856	1888	1617	2309
13858	1887	1617	2303
13860	1886	1617	2296
13864	1881	1617	2285
13868	1874	1617	2267
13874	1873	1617	2264
13880	1873	1617	2253
13883	1873	1617	2253
13896	1873	1617	2253
13911	1873	1617	2253
13916	1873	1617	2253
13920	1873	1617	2253
13926	1873	1617	2253
13942	1873	1617	2253
13958	1873	1617	2253
13960	1873	1617	2253
13960	1873	1617	2253
13962	1873	1617	2253
13964	1873	1617	2253
13964	1873	1617	2253
13969	1873	1617	2253
13974	1873	1617	2253
13976	1873	1617	2253
13980	1873	1617	2253
13982	1873	1617	2253
13984	1873	1617	2253
13986	1873	1617	2253
13988	1873	1617	2253
13992	1873	1617	2253
14000	1873	1617	2253
14004	1873	1617	2253
14006	1873	1617	2253
14009	1873	1617	2253
14025	1873	1617	2253
14040	2624	1638	2253
14042	3305	169	5337
14044	3945	1784	5415
14046	4131	183	5431
14051	431	1946	5464
14056	4314	1946	5493
14060	4314	1946	5493
14064	4314	1946	5493
14069	4314	1946	5493
14072	4314	1946	5493
14076	4314	1946	5493
14082	4314	1946	5493
14087	4467	1975	5493
14090	494	2034	5694
14091	519	2065	9817
14092	5482	3517	10178
14095	5689	4046	10614
14098	5689	4046	11037
14100	5689	4046	11037
14102	5689	4046	11037
14105	5708	4046	11037
14106	5686	4036	11155
14108	5878	4014	11037
14110	6111	3982	11991
14112	5522	1274	12802
14114	4835	953	11991
14114	3628	845	10889
14116	2409	727	10258
14174	1339	66	8939
14230	169	725	195
14231	2006	784	5877
14234	2322	797	6063
14237	2604	817	6086
14242	3061	936	6147
14246	3331	993	6251
14252	3659	1029	6319
14259	4194	1068	6549
14264	5325	1269	6955
14272	6396	2047	8013
14278	6566	5162	8522
14280	6588	5189	8899
14282	6588	5189	8899
14282	6588	5189	8899
14284	6588	5189	8899
14288	6588	5189	8899
14292	6588	5189	8899
14295	6588	5189	8899
14296	6588	5189	8899
14298	6588	5189	8899
14300	6588	5189	8899
14301	6588	5189	8899
14303	6588	5189	8899
14306	6588	5189	8899
14308	6588	5189	8899
14308	6588	5189	8899
14310	6588	5189	8899
14312	6586	5179	8899
14314	6572	5057	8899
14316	6502	4145	8899
14318	6355	3093	8878
14321	5945	2799	877
14323	5416	2702	8483
14325	4975	2603	801
14328	476	2578	7521
14334	4519	2418	7335
14338	4106	23	7097
14340	3681	2143	7027
14342	3257	1952	6847
14346	2902	1807	6294
14354	2806	1739	5325
14360	2776	1734	3644
14363	2774	1734	3621
14369	2774	1734	3621
14377	2774	1734	3621
14382	2774	1734	3621
14386	2774	1734	3621
14388	2774	1734	3621
14393	2774	1734	3621
14398	2774	1734	3621
14399	2774	1734	3621
14400	2774	1734	3621
14402	2774	1734	3621
14405	2779	1734	3621
14408	2827	1794	3621
14411	2925	1903	3668
14416	3157	2051	6054
14420	3537	2233	6679
14424	4025	2356	6885
14426	4554	2418	7081
14428	506	2454	7283
14429	5655	2572	7562
14432	6208	2761	7846
14434	6479	2976	8079
14434	6578	3312	8092
14436	6661	5693	8092
14438	671	5826	8092
14440	672	5839	8092
14443	672	5839	8092
14444	672	5839	8092
14446	672	5839	8092
14448	672	5839	8092
14449	672	5839	8092
14453	672	5839	8092
14460	672	5839	8092
14468	672	5839	8092
14472	672	5839	8092
14472	672	5839	8092
14474	672	5839	8092
14476	672	5839	8092
14478	672	5839	8092
14480	672	5839	8092
14483	672	5839	8092
14485	672	5839	8092
14488	672	5839	8092
14490	672	5839	8092
14492	672	5839	8092
14494	672	5839	8092
14496	672	5839	8092
14498	672	5839	8092
14502	672	5839	8092
14504	672	5839	8092
14562	672	5839	8092
14619	672	5839	8092
14624	672	5839	8092
14628	672	5839	8092
14630	6761	5839	8092
14631	7395	5884	812
14634	9903	5893	18285
14636	21671	6036	41444
14640	43554	6347	59916
14643	55496	6711	82253
14646	49852	3539	82038
14648	10132	332	34854
14650	3844	3308	52359
14654	3773	3308	812
14656	3742	3308	804
14661	368	3308	7876
14666	3657	3308	731
14667	3624	3308	7128
14668	3578	3308	3812
14670	3555	3308	3777
14673	3527	3308	3753
14678	3522	3308	374
14684	3522	3308	374
14688	3522	3308	374
14692	3522	3308	374
14694	3522	3308	374
14696	3522	3308	374
14697	3522	3308	374
14700	3522	3308	374
14702	3522	3308	374
14702	3522	3308	374
14704	3522	3308	374
14706	3522	3308	374
14708	3522	3308	374
14710	3522	3308	374
14711	3522	3308	374
14712	3522	3308	374
14714	3522	3308	374
14716	3522	3308	374
14718	3522	3308	374
14719	3522	3308	374
14722	3522	3308	374
14728	3522	3308	374
14733	3522	3308	374
14736	3522	3308	374
14740	3522	3308	374
14740	3522	3308	374
14742	3522	3308	374
14744	3522	3308	374
14746	3522	3308	374
14748	3522	3308	374
14751	3522	3308	374
14753	3522	3308	374
14754	3522	3308	374
14756	3522	3308	374
14758	3522	3308	374
14760	3522	3308	374
14764	3522	3308	374
14766	3522	3308	374
14770	3522	3308	374
14772	3522	3308	374
14774	3522	3308	374
14800	3522	3308	374
14828	3522	3308	374
14830	3524	3308	374
14832	3524	3308	374
14834	3524	3308	374
14836	3524	3308	374
14839	3524	3308	374
14842	3525	3308	374
14844	3525	3308	374
14848	3525	3308	374
14852	3527	3308	374
14854	3528	3319	374
14858	3528	3319	374
14860	3528	3319	374
14862	3528	3319	374
14864	3528	3319	374
14868	3528	332	374
14870	3529	332	374
14876	3529	332	374
14880	3529	332	374
14883	3529	332	374
14887	3529	332	374
14890	3529	332	374
14892	353	332	374
14896	353	332	3742
14898	353	332	3742
14898	353	332	3742
14900	353	332	3742
14902	353	332	3742
14903	353	332	3742
14904	353	332	3742
14906	353	332	3742
14906	353	332	3742
14908	353	332	3742
14910	353	332	3742
14914	353	332	3742
14916	353	332	3742
14923	353	332	3742
14932	353	332	3742
14937	353	332	3742
14942	353	332	3742
14948	353	332	3742
14954	353	332	3742
14956	353	332	3742
14959	353	332	3742
14962	353	332	3742
14966	353	332	3742
14969	353	332	3742
14974	353	332	3742
14980	353	332	3742
14985	353	332	3742
14990	353	332	3742
14995	353	332	3742
14998	353	332	3742
15000	353	332	3742
15003	353	332	3742
15006	353	332	3742
15010	353	332	3742
15015	353	332	3742
15020	353	332	3742
15026	353	332	3742
15032	353	332	3742
15034	353	332	3742
15037	353	332	3742
15040	353	332	3742
15044	353	332	3742
15048	353	332	3742
15048	353	332	3742
15050	353	332	3742
15058	353	332	3742
15066	353	332	3742
15069	353	332	3742
15072	353	332	3742
15074	353	332	3742
15078	353	332	3742
15082	353	332	3742
15084	353	332	3742
15086	353	332	3742
15090	353	332	3742
15094	353	332	3742
15098	353	332	3742
15106	353	332	3742
15112	353	332	3742
15116	353	332	3742
15119	353	332	3742
15122	353	332	3742
15127	353	332	3742
15130	353	332	3742
15132	353	332	3742
15132	353	332	3742
15137	353	332	3742
15144	353	332	3742
15149	3559	332	3742
15154	3744	332	3744
15158	3841	332	3784
15160	389	332	3806
15162	389	332	3812
15164	426	332	3812
15182	28552	24407	20589
15201	26993	2136	33126
15207	2103	187	32891
15213	2088	187	2364
15214	2088	187	2358
15216	2088	187	2358
15219	2088	187	2358
15222	2088	187	2358
15224	2088	187	2358
15226	2088	187	2358
15226	2088	187	2358
15228	2088	187	2358
15230	2088	187	2358
15230	2088	187	2358
15232	2088	187	2358
15232	2088	187	2358
15234	2088	187	2358
15236	2088	187	2358
15238	2088	187	2358
15240	2088	187	2358
15243	2088	187	2358
15246	2088	187	2358
15248	2088	187	2358
15251	2088	187	2358
15253	2088	187	2358
15255	2088	187	2358
15256	2088	187	2358
15258	2088	187	2358
15268	2088	187	2358
15278	2088	187	2358
15283	2088	187	2358
15288	2088	187	2358
15288	2088	187	2358
15290	2088	187	2358
15292	2088	187	2358
15296	2088	187	2358
15300	2088	187	2358
15302	2088	187	2358
15306	2088	187	2358
15310	2088	187	2358
15314	2088	187	2358
15320	2088	187	2358
15326	2088	187	2358
15330	2088	187	2358
15332	2088	187	2358
15334	2088	187	2358
15338	2088	187	2358
15340	2088	187	2358
15342	2088	187	2358
15344	2088	187	2358
15346	2088	187	2358
15351	2088	187	2358
15358	2088	187	2358
15362	2088	187	2358
15365	2088	187	2358
15368	2088	187	2358
15370	2088	187	2358
15372	2088	187	2358
15374	2088	187	2358
15376	2088	187	2358
15377	2088	187	2358
15380	2088	187	2358
15382	2088	187	2358
15386	2088	187	2358
15390	2088	187	2358
15392	2088	187	2358
15396	2088	187	2358
15402	2088	187	2358
15406	2088	187	2358
15410	2088	187	2358
15418	2088	187	2358
15422	2088	187	2358
15423	2088	187	2358
15428	2088	187	2358
15434	8666	1898	2358
15436	18515	2028	21694
15438	19482	2129	22391
15440	20272	1801	22614
15444	20295	18017	22789
15450	20295	18017	22789
15454	20295	18017	22789
15456	20295	18017	22789
15456	20295	18017	22789
15458	20295	18017	22789
15462	20295	18017	22789
15464	20295	18017	22789
15464	20295	18017	22789
15466	20295	18017	22789
15468	20295	18017	22789
15470	20295	18017	22789
15472	20295	18017	22789
15472	20295	18017	22789
15474	20295	18017	22789
15478	20295	18017	22789
15482	20295	18017	22789
15486	20295	18017	22789
15488	20295	18017	22789
15490	20295	18017	22789
15492	20277	17956	22789
15494	20157	17812	22789
15496	20058	14347	22727
15498	20043	14154	22701
15500	20019	13569	22701
15504	20011	13308	22701
15506	19977	13273	22701
15508	19913	1274	22701
15508	1976	12247	22701
15510	19595	11829	22639
15514	19312	11481	22614
15516	18387	11055	22606
15518	17	10592	2244
15520	15499	1048	22198
15522	14001	10374	21649
15524	13001	10303	21264
15527	12302	10197	20662
15530	118	10124	19896
15534	11441	10099	1937
15542	11399	10065	13239
15548	11399	10065	1314
15550	11399	10065	1314
15552	11399	10065	1314
15554	11399	10065	1314
15558	11399	10065	1314
15561	11399	10065	1314
15562	11399	10065	1314
15565	11399	10065	1314
15568	11399	10065	1314
15572	11399	10065	1314
15574	11399	10065	1314
15575	11399	10065	1314
15577	11399	10065	1314
15580	11399	10065	1314
15585	11399	10065	1314
15588	11399	10065	1314
15588	11399	10065	1314
15590	11399	10065	1314
15592	11399	10065	1314
15594	11399	10065	1314
15596	11399	10065	1314
15598	11399	10065	1314
15599	11399	10065	1314
15600	11399	10065	1314
15602	11399	10065	1314
15602	11399	10065	1314
15606	11399	10065	1314
15610	11399	10065	1314
15612	11399	10065	1314
15612	11389	10058	1314
15614	11218	9703	1314
15618	10437	243	13107
15622	7716	2233	12563
15622	5445	2217	12317
15624	3516	2158	11956
15626	3027	2157	11286
15626	2593	2129	10984
15632	2466	2128	3096
15638	2466	2128	2984
15638	2466	2128	2984
15640	2466	2128	2984
15643	2466	2128	2984
15646	2466	2128	2984
15651	2466	2128	2984
15658	2466	2128	2984
15664	2466	2128	2984
15666	2466	2128	2984
15668	2466	2128	2984
15668	2466	2128	2984
15672	2466	2128	2984
15676	2466	2128	2984
15678	2466	2128	2984
15680	2466	2128	2984
15682	2466	2128	2984
15686	2466	2128	2984
15687	2466	2128	2984
15688	2466	2128	2984
15690	2466	2128	2984
15692	2466	2128	2984
15694	2466	2128	2984
15696	2466	2128	2984
15698	2466	2128	2984
15702	2466	2128	2984
15704	2466	2128	2984
15704	2466	2128	2984
15706	2466	2128	2984
15709	2466	2128	2984
15712	2466	2128	2984
15712	2466	2128	2984
15716	2466	2128	2984
15721	2463	2125	2984
15728	2388	241	2984
15732	2368	215	278
15734	2335	21	2777
15736	2308	191	276
15740	2238	181	2734
15744	218	179	2724
15748	2033	152	2724
15750	1838	143	2712
15752	1613	129	2674
15752	1312	118	2665
15754	1048	111	2657
15754	736	102	2623
15760	332	97	2582
15770	194	77	2408
15954	148	63	244
16132	252	66	219
16134	373	69	1132
16135	483	72	1163
16136	582	74	1168
16138	695	79	117
16140	826	124	1171
16144	873	127	1185
16144	937	137	1189
16146	991	149	1192
16148	1044	174	1196
16152	1078	96	1211
16156	1088	982	1211
16160	1098	989	1212
16164	1098	989	1212
16166	1098	989	1212
16167	1098	989	1212
16169	1098	989	1212
16171	1098	989	1212
16172	1098	989	1212
16174	1098	989	1212
16176	1098	989	1212
16178	1098	989	1212
16178	1098	989	1212
16182	1098	989	1212
16186	1098	989	1212
16193	1098	989	1212
16204	1098	989	1212
16212	1098	989	1212
16216	1098	989	1212
16220	1098	989	1212
16223	1098	989	1212
16226	1098	989	1212
16228	1098	989	1212
16230	1098	989	1212
16234	1098	989	1212
16236	1098	989	1212
16238	1098	989	1212
16240	1098	989	1212
16241	1098	989	1212
16244	1098	989	1212
16248	1098	989	1212
16252	1098	989	1212
16254	1098	989	1212
16256	1098	989	1212
16258	1098	989	1212
16260	1098	989	1212
16260	1098	989	1212
16262	1098	989	1212
16264	1098	989	1212
16266	1098	989	1212
16266	1098	989	1212
16268	1098	989	1212
16270	1098	989	1212
16274	1098	989	1212
16276	1098	989	1212
16280	1098	989	1212
16286	1098	989	1212
16294	1098	989	1212
16298	1098	989	1212
16304	1098	989	1212
16310	1098	989	1212
16312	1098	989	1212
16314	1098	989	1212
16314	1098	989	1212
16316	1098	989	1212
16320	1098	989	1212
16326	1098	989	1212
16332	1098	989	1212
16334	1098	989	1212
16336	1098	989	1212
16336	1098	989	1212
16338	1098	989	1212
16340	1098	989	1212
16344	1098	989	1212
16346	1097	987	1212
16348	1097	987	1212
16350	1097	987	1212
16352	1097	987	1212
16354	1097	987	1212
16360	1097	987	1212
16368	1097	987	1212
16382	1097	987	1212
16395	1107	987	1212
16396	1146	987	1217
16398	1206	987	2373
16400	1313	993	2442
16403	1622	999	2523
16404	1907	1009	2556
16406	2195	1025	2596
16409	2443	1177	2613
16412	2475	2275	2633
16416	2469	228	2635
16420	2458	228	2626
16424	2454	228	2626
16428	2448	228	2619
16430	2444	228	2618
16432	2444	228	2615
16434	2444	228	2615
16434	2442	228	2615
16436	2442	228	2613
16444	2442	228	2613
16454	2442	228	2613
16454	2442	228	2613
16456	2442	228	2613
16460	2442	228	2613
16463	2442	228	2613
16468	2442	228	2613
16474	2442	228	2613
16475	2442	228	2613
16478	2442	228	2613
16480	2442	228	2613
16484	2442	228	2613
16487	2442	228	2613
16490	2442	228	2613
16494	2442	228	2613
16502	2442	228	2613
16506	2442	228	2613
16513	2442	228	2613
16520	2442	228	2613
16522	2442	228	2613
16524	2442	228	2613
16532	2442	228	2613
16540	2442	228	2613
16541	2442	228	2613
16542	2442	228	2613
16546	2442	228	2613
16552	2442	228	2613
16555	2442	228	2613
16558	2442	228	2613
16560	2442	228	2613
16568	2442	228	2613
16576	2442	228	2613
16580	2442	228	2613
16582	2442	228	2613
16585	2442	228	2613
16588	2442	228	2613
16591	2442	228	2613
16594	2442	228	2613
16598	2442	228	2613
16600	2442	228	2613
16602	2442	228	2613
16604	2442	228	2613
16606	2442	228	2613
16607	2442	228	2613
16610	2442	228	2613
16612	2442	228	2613
16613	2442	228	2613
16615	2442	228	2613
16616	2442	228	2613
16618	2442	228	2613
16618	2442	228	2613
16620	2441	228	2613
16622	2438	228	2613
16622	2434	227	261
16624	2431	226	2604
16630	2431	226	2604
16636	2431	226	2604
16638	2427	222	2604
16640	2426	222	26
16642	2426	222	2598
16644	2426	222	2598
16647	2426	222	2598
16651	2426	222	2598
16652	2426	222	2598
16656	2426	222	2598
16660	2426	222	2598
16664	2426	222	2598
16666	2426	222	2598
16672	2426	222	2598
16678	2426	222	2598
16680	2426	222	2598
16682	2426	222	2598
16684	2426	222	2598
16686	2426	222	2598
16689	2426	222	2598
16692	2426	222	2598
16694	2426	222	2598
16695	2426	222	2598
16696	2426	222	2598
16699	2426	222	2598
16702	2426	222	2598
16704	2426	222	2598
16706	2426	222	2598
16708	2426	222	2598
16710	2426	222	2598
16712	2426	222	2598
16714	2426	222	2598
16720	2426	222	2598
16726	2426	222	2598
16728	2426	222	2598
16730	2423	2216	2598
16742	2423	2216	2598
16752	2394	1688	2598
16756	2337	764	2598
16758	2234	611	2586
16760	215	555	2586
16762	1999	469	2586
16766	182	393	2586
16772	1588	303	2573
16776	1195	158	2567
16779	841	108	2539